PROTEIN
13
6 10 19 24 4 14 1 1 15 1 20 5 5
91
1 0
1 1
1 2
1 3
1 4
1 5
1 6
1 7
1 8
1 9
1 10
1 11
1 12
2 0 1
2 0 2
2 0 3
2 0 4
2 0 5
2 0 6
2 0 7
2 0 8
2 0 9
2 0 10
2 0 11
2 0 12
2 1 2
2 1 3
2 1 4
2 1 5
2 1 6
2 1 7
2 1 8
2 1 9
2 1 10
2 1 11
2 1 12
2 2 3
2 2 4
2 2 5
2 2 6
2 2 7
2 2 8
2 2 9
2 2 10
2 2 11
2 2 12
2 3 4
2 3 5
2 3 6
2 3 7
2 3 8
2 3 9
2 3 10
2 3 11
2 3 12
2 4 5
2 4 6
2 4 7
2 4 8
2 4 9
2 4 10
2 4 11
2 4 12
2 5 6
2 5 7
2 5 8
2 5 9
2 5 10
2 5 11
2 5 12
2 6 7
2 6 8
2 6 9
2 6 10
2 6 11
2 6 12
2 7 8
2 7 9
2 7 10
2 7 11
2 7 12
2 8 9
2 8 10
2 8 11
2 8 12
2 9 10
2 9 11
2 9 12
2 10 11
2 10 12
2 11 12

6
 -5.864868 -14.141846 -13.847168 -14.886719 -14.569824 -3.5411377

10
 -16.6167 -18.315796 -19.031677 -18.672852 -18.68396 -15.160034 -15.717773 -15.424377 -16.36029 -16.282104

19
 -15.851135 -15.458862 -17.541626 -16.179382 -15.46521 -16.099243 -15.7664795 -14.603577 -16.389587 -16.058044 -14.9644165 -15.89447 -15.592224 -15.285522 -17.137451 -16.214844 -16.039612 -16.232788 -16.12262

24
 -7.442383 -10.213745 -10.7734375 -10.945007 -10.723511 -10.622681 -12.19281 -12.452026 -10.538391 -7.0224 -7.0393677 -11.652832 -11.892273 -11.679993 -12.002686 -8.139587 -10.415955 -11.833069 -11.638977 -7.365906 -9.649353 -10.532471 -11.098755 -11.422791

4
 -9.096252 -15.333069 -17.529236 -11.781677

14
 -10.222961 -14.552429 -14.664734 -15.25293 -15.352051 -14.98114 -15.370422 -14.191406 -14.670654 -14.906616 -13.534241 -12.341675 -14.387024 -14.647461

1
 -9.203674

1
 -21.58899

15
 -10.805237 -9.2230835 -14.780579 -14.678101 -12.717163 -16.077454 -13.116882 -15.587036 -16.947388 -16.205444 -12.909729 -15.317871 -14.166016 -11.00061 -9.607605

1
 -16.310852

20
 6.6498413 -1.0362549 -1.1334839 16.29425 31.631409 67.06351 -20.381042 -14.244324 -13.243286 -15.220947 -15.796082 -15.644348 -11.9122925 -11.446655 -5.790039 -5.585022 -3.7236328 -17.429688 -18.47931 -18.18396

5
 -20.184082 -18.30597 -18.012207 -20.430786 -20.545776

5
 0.65563965 -22.831055 -24.40216 -23.838074 -23.337646

60
 -1.500746 -1.717233 -1.740910 -1.570698 -1.591767 -0.876096 -0.890323 -0.757764 -0.769623 -0.677637
 -1.635913 -1.882173 -1.961808 -1.719170 -1.830062 -1.362849 -1.433346 -1.109762 -1.169947 -0.931066
 -1.906514 -2.168695 -2.287885 -1.994949 -2.133473 -1.544555 -1.613658 -1.299143 -1.357042 -1.127868
 -1.922156 -2.142508 -2.163112 -1.995179 -2.015833 -1.343875 -1.349671 -1.235391 -1.239571 -1.153784
 -2.215235 -2.437865 -2.459127 -2.290069 -2.311364 -1.614052 -1.620444 -1.504251 -1.509068 -1.421998
 -1.892219 -2.076578 -2.080957 -1.949981 -1.955619 -1.297137 -1.301383 -1.204772 -1.208910 -1.140514


114
 -0.043715 -0.043399 -0.096177 -0.098524 -0.056266 -0.062629 -0.062646 -0.062747 -0.059963 -0.060597 -0.061416 -0.056934 -0.057942 -0.090253 -0.044553 -0.030397 -0.032736 -0.046168 -0.044839
 -0.060532 -0.060336 -0.125249 -0.127325 -0.079212 -0.084501 -0.084204 -0.084003 -0.081930 -0.082373 -0.083036 -0.078663 -0.079643 -0.105662 -0.080045 -0.042430 -0.044652 -0.065053 -0.064216
 -0.058249 -0.058061 -0.122172 -0.124226 -0.076883 -0.082040 -0.081716 -0.081558 -0.079439 -0.079884 -0.080550 -0.076192 -0.077170 -0.104196 -0.075708 -0.041937 -0.044206 -0.062415 -0.061421
 -0.050498 -0.050170 -0.106768 -0.109212 -0.065050 -0.070949 -0.070920 -0.070998 -0.068228 -0.068859 -0.069702 -0.065077 -0.066123 -0.096912 -0.053524 -0.036781 -0.038740 -0.051174 -0.049901
 -0.049948 -0.049627 -0.106685 -0.109153 -0.064905 -0.070617 -0.070570 -0.070631 -0.067896 -0.068517 -0.069350 -0.064727 -0.065772 -0.096753 -0.053034 -0.037238 -0.039239 -0.050559 -0.049195
 -0.040022 -0.039672 -0.087975 -0.090308 -0.050318 -0.056745 -0.056850 -0.057041 -0.054189 -0.054838 -0.055662 -0.051333 -0.052302 -0.083053 -0.038745 -0.025454 -0.027646 -0.042260 -0.041105


144
 -0.972046 -1.255195 -1.265597 -1.274793 -0.904136 -1.194186 -1.186037 -1.183313 -1.141105 -1.360639 -1.360440 -1.218972 -1.512975 -1.307220 -1.333586 -1.245760 -1.255605 -1.379580 -1.479999 -1.092637 -1.079395 -1.215744 -1.250269 -1.278475
 -0.994832 -1.286097 -1.296582 -1.305897 -0.943317 -1.229584 -1.220738 -1.217553 -1.173965 -1.397228 -1.397101 -1.261163 -1.548729 -1.347185 -1.374298 -1.278879 -1.288811 -1.412811 -1.520639 -1.123767 -1.110417 -1.235499 -1.271517 -1.301341
 -0.991893 -1.283012 -1.293494 -1.302767 -0.939698 -1.226349 -1.217554 -1.214394 -1.170915 -1.394226 -1.394113 -1.261055 -1.548681 -1.346082 -1.373553 -1.278451 -1.288678 -1.411609 -1.518607 -1.119892 -1.106571 -1.234372 -1.270057 -1.299507
 -0.994473 -1.287420 -1.297861 -1.307028 -0.945675 -1.226457 -1.217932 -1.214940 -1.171984 -1.396852 -1.396819 -1.272870 -1.562050 -1.349440 -1.376582 -1.285188 -1.295216 -1.410841 -1.511836 -1.119185 -1.106563 -1.244798 -1.278802 -1.306567
 -0.996738 -1.290464 -1.300909 -1.310092 -0.949138 -1.229821 -1.221237 -1.218222 -1.175179 -1.400576 -1.400588 -1.277580 -1.566400 -1.353558 -1.381114 -1.289620 -1.299985 -1.415555 -1.516831 -1.121700 -1.108978 -1.248401 -1.282394 -1.310136
 -0.951479 -1.224661 -1.234970 -1.244082 -0.858806 -1.162668 -1.154795 -1.152168 -1.111167 -1.325026 -1.324802 -1.169236 -1.468380 -1.269253 -1.293679 -1.209822 -1.218558 -1.337206 -1.434344 -1.067131 -1.054279 -1.186266 -1.220246 -1.248009


24
 -3.348794 -4.516483 -2.493086 -3.572683
 -3.467335 -4.377869 14.002804 -3.749034
 -3.469750 -4.376174 15.304911 -3.726240
 -3.603169 2368.414795 100000.000000 -3.046399
 -3.771062 100000.000000 100000.000000 1.192669
 -3.039395 -3.790953 -4.554116 -3.305592


84
 -0.025759 -0.046720 -0.047059 -0.125264 -0.105834 -0.089836 -0.045334 -0.139337 -0.120622 -0.101439 -0.043607 -0.041156 -0.046063 -0.048234
 -0.026743 -0.048592 -0.048931 -0.127355 -0.108142 -0.092511 -0.047205 -0.144332 -0.124621 -0.104586 -0.044791 -0.042085 -0.048817 -0.050950
 -0.026371 -0.048176 -0.048519 -0.126947 -0.107792 -0.092173 -0.046946 -0.143289 -0.123619 -0.103635 -0.044057 -0.041392 -0.048129 -0.050236
 -0.024339 -0.047430 -0.047787 -0.129099 -0.110648 -0.095364 -0.049318 -0.143575 -0.123464 -0.102921 -0.040212 -0.037567 -0.046043 -0.047960
 -0.024388 -0.047485 -0.047843 -0.129412 -0.110882 -0.095486 -0.049356 -0.143051 -0.123049 -0.102634 -0.040237 -0.037631 -0.045730 -0.047671
 -0.023445 -0.042724 -0.043059 -0.117662 -0.098886 -0.083626 -0.041106 -0.131751 -0.113334 -0.094681 -0.040388 -0.038125 -0.043190 -0.045174


6
 -0.005766
 -0.005681
 -0.005401
 -0.003411
 -0.003410
 -0.005633


6
 -0.013283
 -0.017709
 -0.018588
 -0.044478
 -0.042468
 -0.007141


90
 -0.102479 -0.286415 -0.746494 -0.774802 -0.702217 -0.639017 -0.605564 -0.297063 -0.291499 -0.273258 -0.260664 -0.269733 -0.254347 -0.243813 -0.268225
 -0.111708 -0.306193 -0.788632 -0.816907 -0.745911 -0.684147 -0.651962 -0.332300 -0.330321 -0.310075 -0.295825 -0.309849 -0.292312 -0.280017 -0.286779
 -0.110595 -0.304462 -0.785704 -0.814012 -0.742859 -0.680994 -0.648823 -0.329041 -0.327112 -0.306833 -0.292622 -0.306740 -0.289165 -0.276903 -0.283925
 -0.102064 -0.289368 -0.755244 -0.784260 -0.710135 -0.646663 -0.611821 -0.302734 -0.298057 -0.278211 -0.264273 -0.275285 -0.258405 -0.246655 -0.260747
 -0.101891 -0.289279 -0.755754 -0.784782 -0.710605 -0.647118 -0.612218 -0.302690 -0.298187 -0.278270 -0.264267 -0.275494 -0.258546 -0.246705 -0.260765
 -0.093566 -0.265106 -0.706193 -0.734104 -0.661924 -0.598630 -0.564827 -0.272896 -0.265875 -0.248607 -0.236815 -0.243565 -0.229200 -0.219511 -0.243991


6
 -0.010625
 -0.011895
 -0.012290
 -0.016200
 -0.016054
 -0.008624


120
 -0.037018 -0.053643 -0.055825 -0.058836 -0.059244 -0.059246 -0.041389 -0.053677 -0.032804 -0.032726 -0.032820 -0.034131 -0.142320 -0.188343 -0.248913 -0.072393 -0.070105 -0.109242 -0.104000 -0.108866
 -0.037400 -0.054354 -0.056558 -0.059607 -0.060009 -0.059998 -0.043271 -0.053004 -0.032653 -0.032804 -0.033179 -0.034304 -0.143657 -0.190215 -0.251298 -0.071837 -0.069564 -0.091115 -0.090713 -0.095745
 -0.037294 -0.054242 -0.056448 -0.059497 -0.059899 -0.059890 -0.043027 -0.052702 -0.032762 -0.032947 -0.033351 -0.034468 -0.143027 -0.189527 -0.250576 -0.072091 -0.069812 -0.089892 -0.089135 -0.093946
 -0.039751 -0.057822 -0.060112 -0.063228 -0.063584 -0.063498 -0.046947 -0.053769 -0.036917 -0.037715 -0.038786 -0.039697 -0.147230 -0.194749 -0.256762 -0.079336 -0.076678 -0.066538 -0.066066 -0.069268
 -0.039594 -0.057587 -0.059865 -0.062948 -0.063322 -0.063236 -0.046289 -0.053980 -0.036966 -0.037697 -0.038680 -0.039680 -0.146945 -0.194394 -0.256354 -0.079505 -0.076848 -0.071927 -0.070251 -0.073506
 -0.032549 -0.048028 -0.049989 -0.052572 -0.052956 -0.052985 -0.036985 -0.047567 -0.028250 -0.028133 -0.028193 -0.029436 -0.131085 -0.174947 -0.232819 -0.063351 -0.061511 -0.088543 -0.086985 -0.092067


30
 -0.002054 -0.002066 -0.010012 -0.003582 -0.003458
 -0.002103 -0.003369 -0.010270 -0.003066 -0.002940
 -0.002076 -0.003341 -0.010109 -0.003032 -0.002916
 -0.002436 -0.005399 -0.010452 -0.002736 -0.002671
 -0.002445 -0.004968 -0.010353 -0.002934 -0.002870
 -0.001804 -0.002038 -0.008687 -0.002932 -0.002809


30
 -0.009909 0.013016 0.013742 0.014122 0.020591
 -0.026535 -0.046210 -0.046328 -0.049984 -0.058257
 -0.024550 -0.035546 -0.035457 -0.038129 -0.043456
 -0.013639 0.002013 0.002622 0.002978 0.008530
 -0.013306 0.007248 0.007925 0.008663 0.015185
 -0.007475 0.011977 0.012609 0.012707 0.018434


190
 -1.030147 -1.012936 2.941965 -0.053853 3611.857910 -1.893602 -1.941624 -1.873023 -1.735643 -1.891602 -1.870483 -1.408843 -1.688015 -2.128274 8190.431152 -0.982168 -1.040937 -1.102763 -1.030361
 -1.010712 -1.007910 -1.532646 -1.709291 5.030784 -1.638872 -1.612140 -1.569407 -1.746093 -1.720047 -1.682562 -1.762092 -1.741793 -1.960646 112.202019 -0.788868 -0.825201 -0.955523 -1.003685
 -1.039294 -1.041187 -1.194777 -1.637589 58.735985 -1.696070 -1.670042 -1.621086 -1.784536 -1.774897 -1.737522 -1.771551 -1.781835 -2.025295 718.510010 -0.817433 -0.859794 -0.988499 -1.035960
 -1.108902 -1.106220 -1.244675 -1.540185 39.480034 -1.794206 -1.762144 -1.708053 -1.899109 -1.871720 -1.822987 -1.903434 -1.885499 -2.097944 667.024963 -0.872407 -0.920972 -1.072918 -1.109285
 -1.077131 -1.072855 -0.392799 -1.305911 634.864380 -1.846376 -1.819686 -1.752375 -1.894107 -1.893980 -1.839387 -1.817916 -1.857427 -2.115423 4828.219238 -0.917538 -0.974005 -1.079924 -1.080809
 -0.746477 -0.742381 -1.241955 -1.395420 -1.276820 -1.357834 -1.349181 -1.316426 -1.446192 -1.432924 -1.409014 -1.469267 -1.453305 -1.922279 -0.356494 -0.675645 -0.716120 -0.656309 -0.687651
 -0.755700 -0.755257 -1.144081 -1.375984 -1.090108 -1.383549 -1.372187 -1.334749 -1.466097 -1.457863 -1.432568 -1.479924 -1.474158 -1.968624 0.428618 -0.689816 -0.735115 -0.668490 -0.700451
 -0.780924 -0.765509 -1.114635 -1.252578 -1.134076 -1.410343 -1.405822 -1.371999 -1.505602 -1.493086 -1.465684 -1.538303 -1.511445 -1.979765 0.532561 -0.706954 -0.752905 -0.702017 -0.725929
 -0.790223 -0.779193 -1.040964 -1.250826 -0.450315 -1.434070 -1.424371 -1.385323 -1.529400 -1.517161 -1.485965 -1.556010 -1.535456 -2.009016 3.199418 -0.727607 -0.780141 -0.716805 -0.741165
 -0.857088 -0.844322 -0.697954 -0.907277 1.204496 -1.525817 -1.520963 -1.477969 -1.612261 -1.606781 -1.574726 -1.650022 -1.622020 -2.104959 12.606398 -0.773202 -0.833072 -0.798029 -0.813672


240
 -0.872563 -1.259448 -1.246459 -1.235244 -1.501025 -1.754445 -1.708184 -1.625590 -1.519306 -1.621459 -1.726577 -1.856975 -1.749241 -1.872798 -0.599567 -1.040857 0.542385 -1.581120 -1.189186 -1.109311 -1.070729 -1.139734 -1.142974 -1.149645
 -0.876084 -1.264978 -1.253243 -1.243189 -1.514719 -1.792824 -1.713632 -1.621202 -1.510155 -1.621966 -1.752430 -1.803353 -1.740858 -1.252836 1.881377 1.061466 5.398862 -0.699509 0.309717 -1.111811 -1.072652 -1.152611 -1.154928 -1.161262
 -0.875940 -1.263554 -1.252028 -1.242078 -1.509211 -1.790266 -1.710958 -1.618319 -1.507845 -1.618513 -1.749658 -1.781334 -1.721516 -1.217392 1.919380 1.086466 5.421444 -0.682469 0.328280 -1.111548 -1.072552 -1.151385 -1.154060 -1.160619
 -0.874632 -1.256975 -1.244439 -1.233624 -1.499588 -1.759259 -1.698654 -1.613420 -1.507701 -1.637236 -1.741197 -1.817099 -1.725442 -1.597269 0.285627 -0.316064 2.025692 -1.282147 -0.720410 -1.107862 -1.069500 -1.144235 -1.146945 -1.153140
 -0.874794 -1.256551 -1.244162 -1.233411 -1.496500 -1.759421 -1.698475 -1.612863 -1.507373 -1.636732 -1.741352 -1.803535 -1.713540 -1.574693 0.310494 -0.301135 2.038388 -1.273576 -0.710804 -1.108170 -1.069867 -1.144254 -1.147247 -1.153614
 -0.772968 -1.159993 -1.147775 -1.137499 -1.406048 -1.688941 -1.609092 -1.515057 -1.402537 -1.485144 -1.651734 -1.839391 -1.824967 -1.279645 2.209350 1.273311 6.404901 -0.689998 0.545576 -0.948685 -0.907598 -1.192886 -1.176893 -1.163180
 -0.773408 -1.159129 -1.147157 -1.137030 -1.403042 -1.685918 -1.606141 -1.512094 -1.400141 -1.480925 -1.648193 -1.824796 -1.810012 -1.248423 2.233325 1.302972 6.432318 -0.673547 0.553666 -0.949104 -0.908138 -1.192260 -1.176849 -1.163596
 -0.774904 -1.155413 -1.142148 -1.130864 -1.394675 -1.671211 -1.596648 -1.508716 -1.401986 -1.586507 -1.696599 -1.816443 -1.781157 -1.560743 0.705272 -0.105367 2.735220 -1.316261 -0.652808 -0.950299 -0.909710 -1.184836 -1.170629 -1.158039
 -0.775822 -1.155340 -1.142280 -1.131138 -1.394094 -1.669532 -1.595034 -1.507127 -1.400821 -1.583626 -1.694291 -1.810349 -1.774431 -1.538945 0.721698 -0.082196 2.757265 -1.303397 -0.642110 -0.951193 -0.910675 -1.185202 -1.171466 -1.159271
 -0.781829 -1.157277 -1.143665 -1.132010 -1.399537 -1.628373 -1.587175 -1.508997 -1.406867 -1.520796 -1.624640 -1.860121 -1.779819 -1.849142 -0.600936 -1.082477 0.481664 -1.689025 -1.272365 -0.958322 -0.918230 -1.185452 -1.173248 -1.161922


40
 -0.893213 -1.731765 -2.034201 -0.381494
 -0.902158 -1.746883 -2.053199 -0.395946
 -0.903592 -1.750095 -2.056806 -0.398680
 -0.897854 -1.743600 -2.047605 -0.394861
 -0.898821 -1.746146 -2.050786 -0.396636
 -0.936226 -1.736720 -2.126139 -0.202608
 -0.937665 -1.739796 -2.125628 -0.210066
 -0.927695 -1.724687 -2.117679 -0.187969
 -0.928759 -1.727196 -2.115655 -0.197153
 -0.922478 -1.717635 -2.108883 -0.187568


140
 -0.009672 -0.024739 -0.024650 -0.054991 -0.048876 -0.042997 -0.022728 -0.038929 -0.033210 -0.028299 -0.012416 -0.012148 -0.019234 -0.019385
 -0.010012 -0.025364 -0.025284 -0.056950 -0.050586 -0.044439 -0.023399 -0.040126 -0.034312 -0.029297 -0.012988 -0.012726 -0.019748 -0.019925
 -0.010098 -0.025427 -0.025347 -0.056749 -0.050435 -0.044343 -0.023439 -0.040223 -0.034399 -0.029382 -0.013099 -0.012832 -0.019811 -0.019993
 -0.009864 -0.024962 -0.024875 -0.055530 -0.049298 -0.043301 -0.022904 -0.039284 -0.033621 -0.028736 -0.012767 -0.012518 -0.019325 -0.019499
 -0.009930 -0.025017 -0.024928 -0.055408 -0.049196 -0.043235 -0.022941 -0.039352 -0.033684 -0.028794 -0.012854 -0.012611 -0.019364 -0.019540
 0.016775 0.003233 0.003317 -0.040816 -0.035669 -0.029069 -0.007015 0.013378 0.018551 0.022400 0.032397 0.029423 0.019484 0.021377
 0.016641 0.003122 0.003203 -0.040635 -0.035566 -0.029055 -0.007128 0.013236 0.018423 0.022281 0.032251 0.029286 0.019374 0.021262
 0.015849 0.002606 0.002697 -0.039113 -0.033971 -0.027532 -0.006742 0.012709 0.017688 0.021419 0.031244 0.028348 0.019122 0.020910
 0.015748 0.002523 0.002614 -0.039030 -0.033954 -0.027559 -0.006841 0.012625 0.017609 0.021348 0.031144 0.028244 0.019054 0.020842
 0.015042 0.002012 0.002113 -0.037724 -0.032628 -0.026340 -0.006593 0.012219 0.017059 0.020700 0.030351 0.027501 0.018905 0.020609


10
 0.000363
 0.000270
 0.000267
 0.000317
 0.000313
 0.016484
 0.016489
 0.016474
 0.016479
 0.016578


10
 -0.017524
 -0.017163
 -0.017209
 -0.017022
 -0.017034
 -0.051599
 -0.051551
 -0.050877
 -0.050762
 -0.050331


150
 -0.087032 -0.287796 -0.776491 -0.803611 -0.801883 -0.927578 -0.907781 -0.809245 -0.943425 -0.897651 -0.823799 -1.091277 -0.961911 -0.848856 -0.202795
 -0.097317 -0.328992 -0.893517 -0.904610 -0.951411 -1.035033 -0.975687 -0.766404 -0.915111 -0.912510 -0.859267 -1.156698 -1.024924 -0.908503 -0.217016
 -0.095305 -0.316236 -0.856967 -0.868580 -0.914604 -1.036129 -1.007383 -0.747440 -0.885695 -0.885830 -0.834866 -1.119409 -0.989388 -0.875950 -0.215703
 -0.085987 -0.285666 -0.754389 -0.783713 -0.784347 -0.920445 -0.896976 -0.746887 -0.839808 -0.839559 -0.786812 -1.037631 -0.919615 -0.813949 -0.198330
 -0.084762 -0.277946 -0.729667 -0.760649 -0.755543 -0.892798 -0.872120 -0.735517 -0.821062 -0.822879 -0.771645 -1.011039 -0.895868 -0.792745 -0.197479
 -0.050848 -0.301307 -0.923004 -0.928970 -0.972393 -0.511592 0.272985 -0.657560 -0.877416 -0.833503 -0.759698 -1.032867 -0.937000 -0.824486 -0.128828
 -0.050068 -0.289653 -0.901570 -0.900059 -0.969065 -0.893770 -0.644060 -0.640619 -0.856958 -0.810499 -0.736871 -1.055255 -0.923693 -0.800321 -0.125159
 -0.042727 -0.258193 -0.768595 -0.786408 -0.822673 -0.849592 -0.724042 -0.626231 -0.792199 -0.757147 -0.688498 -0.948928 -0.846274 -0.738206 -0.132371
 -0.042316 -0.251439 -0.752444 -0.768733 -0.807391 -0.887549 -0.811074 -0.614934 -0.776434 -0.740391 -0.672106 -0.961179 -0.835357 -0.720101 -0.125582
 -0.036986 -0.224033 -0.667759 -0.699037 -0.689108 -0.799555 -0.770281 -0.607708 -0.737002 -0.697043 -0.627468 -0.888211 -0.768681 -0.660080 -0.126482


10
 -0.017538
 -0.018774
 -0.018453
 -0.017642
 -0.017408
 -0.045927
 -0.045640
 -0.043665
 -0.043507
 -0.041890


200
 -0.011647 -0.015849 -0.016204 -0.016752 -0.016684 -0.016504 -0.012790 -0.015379 -0.014244 -0.014658 -0.015036 -0.015854 -0.034693 -0.043419 -0.053706 -0.027979 -0.027811 -0.012222 -0.009059 -0.008686
 -0.012361 -0.016712 -0.017104 -0.017726 -0.017666 -0.017488 -0.013438 -0.016342 -0.014962 -0.015364 -0.015730 -0.016592 -0.036337 -0.045352 -0.056009 -0.029321 -0.029168 -0.015763 -0.012208 -0.011847
 -0.012289 -0.016641 -0.017029 -0.017648 -0.017586 -0.017409 -0.013392 -0.016261 -0.014879 -0.015284 -0.015654 -0.016504 -0.036265 -0.045278 -0.055937 -0.029190 -0.029018 -0.015653 -0.012167 -0.011807
 -0.011767 -0.015987 -0.016346 -0.016903 -0.016835 -0.016659 -0.012838 -0.015742 -0.014392 -0.014784 -0.015136 -0.015973 -0.035257 -0.044042 -0.054368 -0.028282 -0.028110 -0.014961 -0.011424 -0.011050
 -0.011711 -0.015929 -0.016285 -0.016842 -0.016771 -0.016592 -0.012798 -0.015680 -0.014328 -0.014721 -0.015075 -0.015904 -0.035202 -0.043988 -0.054316 -0.028193 -0.028006 -0.014896 -0.011405 -0.011035
 -0.011164 -0.015417 -0.015915 -0.016732 -0.016715 -0.016553 -0.009860 -0.000597 -0.022793 -0.025150 -0.027401 -0.028301 -0.008336 -0.014559 -0.023016 -0.041042 -0.042341 0.243016 0.243464 0.252443
 -0.011099 -0.015356 -0.015853 -0.016670 -0.016652 -0.016493 -0.009816 -0.000502 -0.022711 -0.025068 -0.027328 -0.028223 -0.008236 -0.014442 -0.022888 -0.040911 -0.042193 0.243265 0.243594 0.252560
 -0.010265 -0.014408 -0.014872 -0.015611 -0.015577 -0.015403 -0.008841 -0.000248 -0.021734 -0.024015 -0.026193 -0.027002 -0.008046 -0.014339 -0.022830 -0.039511 -0.040642 0.236161 0.237261 0.246190
 -0.010234 -0.014380 -0.014841 -0.015583 -0.015546 -0.015374 -0.008811 -0.000194 -0.021694 -0.023979 -0.026161 -0.026969 -0.007982 -0.014263 -0.022736 -0.039447 -0.040572 0.236293 0.237327 0.246241
 -0.009491 -0.013562 -0.013996 -0.014673 -0.014628 -0.014443 -0.007914 0.000130 -0.020873 -0.023109 -0.025226 -0.025971 -0.007696 -0.014048 -0.022580 -0.038323 -0.039310 0.230976 0.232648 0.241587


50
 -0.001128 -0.001876 -0.002592 -0.001166 -0.001187
 -0.001160 -0.001815 -0.002729 -0.001280 -0.001302
 -0.001155 -0.001826 -0.002728 -0.001278 -0.001300
 -0.001121 -0.001758 -0.002647 -0.001238 -0.001261
 -0.001118 -0.001763 -0.002643 -0.001237 -0.001259
 -0.001279 -0.008689 0.003426 0.003960 0.003576
 -0.001281 -0.008707 0.003428 0.003964 0.003582
 -0.001121 -0.008230 0.003454 0.003918 0.003536
 -0.001123 -0.008239 0.003452 0.003914 0.003532
 -0.000979 -0.007842 0.003516 0.003895 0.003510


50
 -1.367984 -1.268249 -1.223364 -0.995015 -1.706366
 -0.912984 -0.796749 -0.817056 -0.914295 -0.981246
 -0.956952 -0.797034 -0.816687 -0.916221 -0.966804
 -1.092618 -1.002894 -1.033706 -1.163751 -1.295789
 -1.123806 -0.972306 -0.994912 -1.094017 -1.274186
 -0.432217 0.829202 0.850144 0.902154 1.245807
 -0.436141 0.890840 0.919180 0.986773 1.397366
 -0.503999 0.801531 0.816759 0.850048 1.166073
 -0.498820 0.867770 0.889434 0.935988 1.301616
 -0.567538 0.845987 0.859811 0.881286 1.202549


456
 -0.816450 -1.314448 -1.380912 -1.435471 -0.947815 -0.081836 0.656927 0.227179 -0.430556 -1.801366 -0.631240 -1.151917 -1.129734 -1.727165 -1.381938 4.652296 10.469769 -2.012370 -1.939483 -1.398422 -1.429784 -1.089168 -1.120689 -1.144609
 -0.803165 -1.292322 -1.347957 -1.401537 -0.932116 -1.130558 -1.309015 -1.612634 -0.807948 -2.189849 -1.886723 -1.129616 -1.110626 -1.854809 -1.839307 -0.624748 0.889115 -2.027169 -2.092079 -1.364784 -1.406977 -1.074076 -1.107560 -1.133826
 -1.457904 18.957214 16.167269 14.890517 -1.828409 100000.000000 100000.000000 100000.000000 100000.000000 11747.369141 100000.000000 -2.257247 -2.387614 37.422054 58.578369 8779.943359 100000.000000 694.577515 100000.000000 14.808583 16.830860 -1.077274 -0.815127 -0.756132
 -1.434439 17.574247 11.656894 10.505580 -1.804983 100000.000000 100000.000000 8861.191406 100000.000000 28710.806641 100000.000000 -2.351638 -2.364337 28.596228 28.667536 710.367615 4363.487793 330.852356 2396.440674 10.204943 13.583196 -1.056642 -0.763217 -0.690659
 -0.813996 -1.311770 -1.368971 -1.422121 -0.951826 -1.691817 -1.885723 -2.049151 -1.366806 -2.272282 -2.097827 -1.165163 -1.142659 -1.783698 -1.446530 5.472001 12.199723 -2.099122 -2.204496 -1.383843 -1.422884 -1.091748 -1.124837 -1.150736
 -0.888548 -1.429850 -1.529697 -1.605982 -1.072933 11.215916 14.602926 21.419773 17.370941 1.704433 13.409143 -1.465152 -1.404180 5.007345 12.944096 49.292721 100.307549 -2.087997 -1.315639 -1.558539 -1.578027 -1.229089 -1.259780 -1.280201
 -0.902670 -1.501679 -1.590320 -1.659441 -1.096149 8.699158 12.813969 18.931910 16.270006 1.032892 7.719152 -1.530756 -1.464945 30.000883 65.076042 243.915344 467.743500 -1.927158 -1.070676 -1.611615 -1.630566 -1.256097 -1.287275 -1.307463
 -0.919886 -1.588773 -1.668019 -1.727478 -1.124745 8.903203 11.505428 14.153496 12.835651 4.071944 9.467467 -1.605380 -1.538999 174.676743 388.305664 1410.549805 2889.993896 -1.173411 0.202638 -1.679608 -1.694523 -1.291422 -1.323169 -1.342971
 -0.852350 -1.421064 -1.496414 -1.552225 -1.021650 3.641428 4.992512 5.158528 2.159361 -0.554252 4.445827 -1.357711 -1.309181 -1.103159 0.469334 12.599592 24.367113 -2.221456 -1.775574 -1.509983 -1.531391 -1.169611 -1.201743 -1.224776
 -0.864912 -1.466190 -1.538115 -1.592109 -1.042209 2.144243 3.605096 3.535757 1.323327 -1.163076 1.738596 -1.415961 -1.361208 2.785496 9.545874 88.155907 138.841217 -2.320982 -1.995397 -1.548996 -1.570103 -1.191565 -1.223864 -1.246629
 -0.879983 -1.523823 -1.593059 -1.644460 -1.067638 1.644361 2.552582 1.936352 0.583981 -0.060857 2.065593 -1.488576 -1.427575 17.346340 45.317913 922.641052 1637.678345 -2.258177 -1.902871 -1.600361 -1.619499 -1.220958 -1.253459 -1.275716
 -0.830528 -1.384537 -1.444738 -1.497449 -0.988751 -0.189411 -0.268509 -0.804355 -0.810273 -1.889898 -0.463146 -1.283448 -1.245643 -2.036009 -1.691715 2.353631 6.019990 -2.242321 -2.105189 -1.456920 -1.491044 -1.135679 -1.170080 -1.196096
 -0.840870 -1.415416 -1.474966 -1.527141 -1.005855 -0.775304 -0.817047 -1.281853 -1.069081 -2.164274 -1.312156 -1.331465 -1.288209 -0.690739 1.737603 34.136402 49.783333 -2.354913 -2.315799 -1.485819 -1.519111 -1.153056 -1.187537 -1.213373
 -0.929430 -0.853676 -0.502534 0.764507 -1.253770 100000.000000 100000.000000 100000.000000 3726.309326 100000.000000 100000.000000 8.340613 -0.033421 100000.000000 100000.000000 100000.000000 100000.000000 481.864868 626.661377 0.520638 1.445848 -1.350940 -1.399116 -1.461528
 -0.582437 -0.824035 -0.859621 -0.891569 -0.667410 -1.493814 -1.462940 -1.409554 -1.544023 -1.404793 -1.485138 -0.773962 -0.765534 -1.157146 -1.247520 -1.533707 -1.654533 -1.288663 -1.390720 -0.854397 -0.875849 -0.755822 -0.768435 -0.776584
 -0.656052 -1.055365 -1.111093 -1.156926 -0.751188 -1.759504 -1.798753 -1.833245 -2.003469 -1.806738 -1.629197 -0.882945 -0.876161 -1.412900 -1.462847 -1.207750 -0.427734 -1.641790 -1.685035 -1.125849 -1.158099 -0.828765 -0.845698 -0.858633
 -0.668770 -1.076995 -1.133913 -1.183382 -0.766483 -1.822373 -1.888294 -1.926360 -1.772851 -1.947387 -1.953142 -0.899346 -0.893349 -1.456146 -1.527859 -1.627987 -1.299410 -1.680378 -1.761215 -1.152510 -1.189569 -0.857855 -0.880275 -0.898581
 -0.771677 -1.169263 -1.225158 -1.271261 -0.889278 3.191269 6.257859 7.539426 6.875039 -0.679849 2.039319 -1.064265 -1.040712 -1.202050 -0.145853 23.107962 47.923279 -1.741591 -1.493949 -1.230051 -1.249414 -1.040310 -1.065576 -1.081705
 -0.723477 -1.091350 -1.137592 -1.174862 -0.832595 -0.012747 0.614146 0.232436 -0.532939 -1.406789 -0.372560 -0.989149 -0.968834 -1.402592 -1.091378 4.144306 9.037281 -1.693505 -1.628311 -1.135114 -1.152846 -0.967352 -0.989140 -1.002911


76
 -0.064000 -0.077662 -0.084995 -0.129695
 -0.063449 -0.077037 -0.084374 -0.128965
 -0.101097 -0.124687 -0.135083 -0.192022
 -0.105339 -0.129731 -0.140167 -0.200345
 -0.071367 -0.089872 -0.098376 -0.143643
 -0.073341 -0.090049 -0.098418 -0.144330
 -0.073714 -0.090271 -0.098606 -0.144566
 -0.074261 -0.090741 -0.099057 -0.145154
 -0.071626 -0.088070 -0.096387 -0.141446
 -0.072170 -0.088573 -0.096885 -0.142107
 -0.072878 -0.089319 -0.097640 -0.143095
 -0.069998 -0.085992 -0.094215 -0.138527
 -0.070612 -0.086674 -0.094915 -0.139441
 -0.080876 -0.097365 -0.105705 -0.166686
 -0.061653 -0.078126 -0.088700 -0.127521
 -0.050913 -0.065139 -0.068103 -0.082128
 -0.052118 -0.066309 -0.069197 -0.087777
 -0.063581 -0.076416 -0.083860 -0.136546
 -0.062005 -0.074486 -0.082199 -0.134575


266
 -0.014758 -0.034918 -0.033387 -0.050803 -0.046231 -0.042101 -0.024749 -0.032365 -0.029415 -0.027279 -0.022342 -0.022440 -0.037403 -0.035782
 -0.014857 -0.035176 -0.033621 -0.051079 -0.046456 -0.042279 -0.024861 -0.032460 -0.029513 -0.027382 -0.022469 -0.022575 -0.037674 -0.036025
 -0.019621 -0.048611 -0.046652 -0.074773 -0.066910 -0.060062 -0.032901 -0.046486 -0.041069 -0.037245 -0.028913 -0.028963 -0.050581 -0.048571
 -0.020055 -0.049851 -0.047844 -0.076622 -0.068562 -0.061538 -0.033605 -0.047723 -0.042132 -0.038179 -0.029618 -0.029666 -0.051847 -0.049797
 -0.015550 -0.036670 -0.035077 -0.053772 -0.048864 -0.044444 -0.026201 -0.034086 -0.030987 -0.028729 -0.023512 -0.023706 -0.038943 -0.037260
 -0.016610 -0.038771 -0.037162 -0.057400 -0.052036 -0.047289 -0.027679 -0.036719 -0.033208 -0.030669 -0.024882 -0.025036 -0.041018 -0.039334
 -0.016888 -0.039385 -0.037757 -0.058314 -0.052851 -0.047990 -0.028053 -0.037318 -0.033722 -0.031133 -0.025241 -0.025393 -0.041635 -0.039929
 -0.017221 -0.040109 -0.038455 -0.059439 -0.053812 -0.048878 -0.028509 -0.038075 -0.034355 -0.031690 -0.025682 -0.025828 -0.042364 -0.040636
 -0.016382 -0.038251 -0.036639 -0.056384 -0.051172 -0.046508 -0.027311 -0.035999 -0.032629 -0.030171 -0.024559 -0.024725 -0.040508 -0.038815
 -0.016639 -0.038780 -0.037151 -0.057212 -0.051904 -0.047160 -0.027662 -0.036564 -0.033120 -0.030614 -0.024893 -0.025053 -0.041040 -0.039333
 -0.016947 -0.039469 -0.037818 -0.058244 -0.052830 -0.047965 -0.028087 -0.037252 -0.033715 -0.031146 -0.025308 -0.025463 -0.041731 -0.040003
 -0.016249 -0.038014 -0.036379 -0.055821 -0.050656 -0.046040 -0.027073 -0.035521 -0.032234 -0.029845 -0.024364 -0.024532 -0.040273 -0.038564
 -0.016481 -0.038480 -0.036837 -0.056565 -0.051314 -0.046622 -0.027394 -0.036041 -0.032685 -0.030248 -0.024670 -0.024837 -0.040750 -0.039030
 -0.014643 -0.038009 -0.036381 -0.063368 -0.055791 -0.049242 -0.026989 -0.033916 -0.030110 -0.027387 -0.021463 -0.022299 -0.037765 -0.035947
 -0.009276 -0.024376 -0.023288 -0.038035 -0.034753 -0.031654 -0.018460 -0.021826 -0.019809 -0.018348 -0.014712 -0.014944 -0.026288 -0.024995
 -0.015210 -0.033760 -0.032356 -0.049316 -0.045080 -0.041323 -0.024569 -0.034118 -0.031297 -0.029182 -0.025000 -0.025132 -0.038197 -0.036762
 -0.015140 -0.034022 -0.032568 -0.049738 -0.045345 -0.041441 -0.024597 -0.033607 -0.030789 -0.028709 -0.024607 -0.024844 -0.037912 -0.036412
 -0.009803 -0.026629 -0.025395 -0.042011 -0.037850 -0.034073 -0.019322 -0.023096 -0.020749 -0.019095 -0.015188 -0.015641 -0.027657 -0.026220
 -0.009287 -0.025503 -0.024312 -0.040358 -0.036437 -0.032812 -0.018632 -0.021990 -0.019798 -0.018232 -0.014424 -0.014841 -0.026616 -0.025210


19
 -0.004651
 -0.004655
 -0.005008
 -0.005088
 -0.004790
 -0.004844
 -0.004866
 -0.004895
 -0.004824
 -0.004848
 -0.004878
 -0.004809
 -0.004832
 -0.003480
 -0.003707
 -0.005979
 -0.005718
 -0.003340
 -0.003287


19
 -0.010420
 -0.010425
 -0.012680
 -0.012863
 -0.011031
 -0.011160
 -0.011193
 -0.011238
 -0.011084
 -0.011116
 -0.011163
 -0.011022
 -0.011058
 -0.012156
 -0.011131
 -0.007037
 -0.007315
 -0.010919
 -0.010970


285
 -0.026779 -0.065906 -0.155950 -0.154004 -0.140846 -0.169409 -0.160510 -0.635918 -0.613592 -0.597941 -0.565070 -0.505785 -0.484118 -0.443346 -0.053535
 -0.026719 -0.065451 -0.153670 -0.151618 -0.138927 -0.167166 -0.158771 -0.626148 -0.608821 -0.591903 -0.558116 -0.507834 -0.480132 -0.437651 -0.053234
 -0.054190 -0.154075 -0.430093 -0.427452 -0.380785 -0.492671 -0.442219 15.711435 20.406376 12.357043 3.950953 0.445650 -0.596218 -1.043762 -0.114645
 -0.053307 -0.150917 -0.418015 -0.416478 -0.372334 -0.476524 -0.426404 10.513360 6.936584 3.021891 0.001165 -0.883599 -1.142016 -1.166871 -0.112860
 -0.029630 -0.073449 -0.173778 -0.171692 -0.158560 -0.186151 -0.178988 -0.668292 -0.657515 -0.641829 -0.609197 -0.558676 -0.535448 -0.492422 -0.059912
 -0.042104 -0.112820 -0.304931 -0.302182 -0.279303 -0.305445 -0.310830 -1.066803 -0.821066 -0.860427 -0.870611 -0.103034 -0.428075 -0.643375 -0.085224
 -0.044534 -0.120736 -0.333952 -0.330446 -0.304089 -0.331807 -0.341319 -0.973413 -0.039000 -0.116515 -0.193464 2.187638 0.964592 0.072692 -0.090346
 -0.047136 -0.129243 -0.364957 -0.360339 -0.329897 -0.362322 -0.374692 -0.460920 2.498455 2.377572 2.133789 9.203279 4.273599 1.500040 -0.095890
 -0.039715 -0.104178 -0.272995 -0.270478 -0.251170 -0.273904 -0.278629 -1.015684 -1.026057 -1.008711 -0.967921 -0.759103 -0.762655 -0.779052 -0.079698
 -0.042009 -0.111579 -0.299669 -0.296636 -0.274525 -0.297491 -0.306303 -1.064291 -0.884453 -0.818342 -0.758386 -0.023805 -0.118949 -0.426010 -0.084502
 -0.044533 -0.119879 -0.329904 -0.326093 -0.300349 -0.326114 -0.338305 -0.964505 -0.097272 0.253682 0.398640 2.385663 1.848411 0.524649 -0.089903
 -0.037702 -0.097054 -0.247276 -0.244800 -0.227911 -0.249613 -0.253091 -0.929463 -0.980911 -0.961674 -0.920009 -0.852239 -0.811342 -0.775334 -0.075172
 -0.039797 -0.103721 -0.270710 -0.267861 -0.248805 -0.269971 -0.277236 -1.002035 -0.992822 -0.939410 -0.879158 -0.561500 -0.513504 -0.620061 -0.079528
 -0.084053 -0.266621 -0.577815 -0.643774 -0.688084 -0.577020 -0.553332 2485.121826 100000.000000 100000.000000 6454.557129 11050.912109 100000.000000 100000.000000 -0.204204
 -0.017146 -0.045185 -0.102035 -0.101392 -0.095641 -0.105524 -0.103784 -0.282060 -0.297637 -0.286385 -0.270122 -0.278357 -0.260924 -0.239432 -0.039622
 -0.022925 -0.053298 -0.115939 -0.114304 -0.104364 -0.126102 -0.119566 -0.436638 -0.397243 -0.385268 -0.362935 -0.310096 -0.295150 -0.272590 -0.054408
 -0.022878 -0.053772 -0.117787 -0.115978 -0.105865 -0.128646 -0.121867 -0.452103 -0.413429 -0.402595 -0.379997 -0.324466 -0.308693 -0.284512 -0.054341
 -0.018629 -0.052055 -0.128931 -0.128013 -0.116478 -0.139799 -0.131722 -0.507751 -0.487021 -0.472451 -0.444754 -0.400805 -0.391521 -0.358939 -0.047903
 -0.017649 -0.049226 -0.120745 -0.119921 -0.109674 -0.129409 -0.123133 -0.458081 -0.465077 -0.443147 -0.411136 -0.394508 -0.371041 -0.334672 -0.045592


19
 -0.008900
 -0.008911
 -0.013999
 -0.013960
 -0.009931
 -0.011511
 -0.011820
 -0.012169
 -0.011210
 -0.011498
 -0.011826
 -0.010969
 -0.011232
 -0.018841
 -0.008233
 -0.006222
 -0.006699
 -0.008912
 -0.008725


380
 -0.005016 -0.006222 -0.006294 -0.006308 -0.006254 -0.006161 -0.007352 -0.006364 -0.005683 -0.005892 -0.006108 -0.006559 -0.012103 -0.013176 -0.013940 -0.009404 -0.009868 -0.004637 -0.006502 -0.007152
 -0.005022 -0.006220 -0.006288 -0.006306 -0.006250 -0.006157 -0.007354 -0.006361 -0.005684 -0.005892 -0.006110 -0.006557 -0.012077 -0.013136 -0.013884 -0.009395 -0.009861 -0.004636 -0.006505 -0.007155
 -0.007135 -0.009088 -0.009214 -0.009276 -0.009202 -0.009074 -0.009927 -0.009175 -0.008239 -0.008520 -0.008805 -0.009457 -0.018998 -0.021668 -0.024049 -0.014380 -0.015028 -0.005747 -0.007683 -0.008403
 -0.007211 -0.009195 -0.009321 -0.009380 -0.009305 -0.009173 -0.010051 -0.009327 -0.008328 -0.008617 -0.008905 -0.009568 -0.019461 -0.022205 -0.024627 -0.014570 -0.015227 -0.005927 -0.007888 -0.008630
 -0.005512 -0.006825 -0.006906 -0.006928 -0.006867 -0.006768 -0.007938 -0.006997 -0.006345 -0.006568 -0.006795 -0.007295 -0.013192 -0.014391 -0.015283 -0.010475 -0.010983 -0.004509 -0.006310 -0.006943
 -0.006005 -0.007468 -0.007559 -0.007605 -0.007541 -0.007445 -0.008502 -0.007619 -0.006844 -0.007071 -0.007305 -0.007831 -0.014556 -0.016077 -0.017339 -0.011392 -0.011920 -0.005344 -0.007173 -0.007841
 -0.006096 -0.007586 -0.007683 -0.007727 -0.007663 -0.007567 -0.008614 -0.007738 -0.006937 -0.007163 -0.007401 -0.007930 -0.014812 -0.016381 -0.017700 -0.011554 -0.012089 -0.005501 -0.007337 -0.008020
 -0.006192 -0.007715 -0.007816 -0.007859 -0.007798 -0.007698 -0.008737 -0.007876 -0.007050 -0.007274 -0.007512 -0.008049 -0.015117 -0.016746 -0.018127 -0.011755 -0.012301 -0.005681 -0.007532 -0.008223
 -0.005888 -0.007313 -0.007404 -0.007442 -0.007379 -0.007282 -0.008363 -0.007465 -0.006721 -0.006944 -0.007178 -0.007692 -0.014181 -0.015607 -0.016757 -0.011146 -0.011667 -0.005206 -0.007032 -0.007692
 -0.005982 -0.007428 -0.007520 -0.007563 -0.007503 -0.007402 -0.008470 -0.007583 -0.006813 -0.007039 -0.007274 -0.007793 -0.014439 -0.015916 -0.017119 -0.011311 -0.011836 -0.005376 -0.007213 -0.007885
 -0.006083 -0.007566 -0.007661 -0.007709 -0.007647 -0.007544 -0.008601 -0.007728 -0.006922 -0.007152 -0.007384 -0.007912 -0.014743 -0.016286 -0.017550 -0.011511 -0.012045 -0.005558 -0.007408 -0.008089
 -0.005798 -0.007183 -0.007271 -0.007308 -0.007246 -0.007148 -0.008252 -0.007341 -0.006619 -0.006842 -0.007072 -0.007580 -0.013880 -0.015231 -0.016300 -0.010951 -0.011466 -0.005085 -0.006913 -0.007565
 -0.005884 -0.007298 -0.007388 -0.007429 -0.007366 -0.007268 -0.008356 -0.007459 -0.006706 -0.006932 -0.007163 -0.007677 -0.014126 -0.015529 -0.016645 -0.011108 -0.011630 -0.005265 -0.007097 -0.007760
 -0.007062 -0.008847 -0.008990 -0.009099 -0.009041 -0.008926 -0.008910 -0.008399 -0.009061 -0.009374 -0.009659 -0.010363 -0.015712 -0.017929 -0.020188 -0.015674 -0.016433 0.001826 0.001379 0.001474
 -0.004435 -0.005411 -0.005481 -0.005509 -0.005467 -0.005393 -0.006387 -0.004936 -0.005475 -0.005739 -0.006011 -0.006427 -0.008743 -0.009308 -0.009684 -0.008888 -0.009350 0.003874 0.002298 0.002094
 -0.005216 -0.006255 -0.006320 -0.006336 -0.006292 -0.006222 -0.007778 -0.007277 -0.005214 -0.005257 -0.005323 -0.005809 -0.013256 -0.014089 -0.014431 -0.007956 -0.008499 -0.011576 -0.013833 -0.015159
 -0.005178 -0.006230 -0.006294 -0.006308 -0.006263 -0.006190 -0.007631 -0.007151 -0.005362 -0.005426 -0.005504 -0.006006 -0.013023 -0.013887 -0.014290 -0.008307 -0.008852 -0.010167 -0.012209 -0.013397
 -0.004393 -0.005448 -0.005518 -0.005538 -0.005485 -0.005404 -0.006139 -0.004993 -0.005711 -0.005977 -0.006241 -0.006708 -0.009260 -0.010114 -0.010829 -0.009591 -0.010095 0.004796 0.003667 0.003618
 -0.004294 -0.005311 -0.005380 -0.005399 -0.005348 -0.005270 -0.006026 -0.004793 -0.005578 -0.005850 -0.006119 -0.006567 -0.008811 -0.009584 -0.010192 -0.009338 -0.009831 0.005175 0.003996 0.003962


95
 -0.000765 -0.001560 -0.001649 -0.000583 -0.000549
 -0.000765 -0.001559 -0.001648 -0.000583 -0.000550
 -0.000960 -0.001943 -0.002064 -0.000738 -0.000705
 -0.000970 -0.001959 -0.002096 -0.000750 -0.000715
 -0.000847 -0.001699 -0.001779 -0.000647 -0.000614
 -0.000878 -0.001739 -0.001859 -0.000682 -0.000648
 -0.000883 -0.001750 -0.001877 -0.000689 -0.000654
 -0.000891 -0.001764 -0.001899 -0.000695 -0.000665
 -0.000866 -0.001726 -0.001837 -0.000672 -0.000639
 -0.000877 -0.001735 -0.001855 -0.000678 -0.000646
 -0.000887 -0.001753 -0.001882 -0.000692 -0.000659
 -0.000862 -0.001718 -0.001822 -0.000670 -0.000633
 -0.000868 -0.001728 -0.001840 -0.000677 -0.000644
 -0.000913 -0.001898 -0.001521 -0.000589 -0.000582
 -0.000768 -0.001730 -0.001294 -0.000413 -0.000394
 -0.000842 -0.001347 -0.001967 -0.000821 -0.000765
 -0.000832 -0.001363 -0.001889 -0.000789 -0.000740
 -0.000722 -0.001641 -0.001156 -0.000369 -0.000356
 -0.000712 -0.001643 -0.001130 -0.000350 -0.000336


95
 -0.868508 -1.338609 -1.309897 -1.785448 -1.736757
 -0.910472 -1.407194 -1.382617 -1.911282 -1.749493
 9.144258 -2.121087 -1.923863 0.643058 78.517441
 4.074715 -2.070857 -1.954074 -0.778057 51.890095
 -0.651412 -0.005685 3.768843 79.378006 2508.344727
 9.082690 -2.027485 -1.993689 -2.332321 4.301719
 21.225584 -1.925684 -1.899078 -2.403463 -0.712394
 19.982021 -1.817122 -1.790002 -2.324056 -1.935696
 25.951744 -2.189288 -2.112368 -1.688230 30.844395
 63.327877 -2.097768 -2.068217 -2.467093 3.218682
 62.081093 -1.972071 -1.950806 -2.534300 -1.716033
 50.247154 -2.156491 -1.943449 0.951731 128.323120
 123.390366 -2.245568 -2.196749 -2.168629 14.303049
 23.690962 -2.403261 -2.399161 -3.045905 -2.795686
 -0.301900 86.130043 134.096771 100000.000000 100000.000000
 -0.686025 -1.070083 -1.051436 -1.489277 -1.452265
 -0.695941 -1.108146 -1.095614 -1.579731 -1.700370
 -1.199964 -1.616662 -1.828199 3.218273 15.251019
 -1.212027 -1.781198 -2.025693 1.009931 4.932175


96
 -1.332100 -1.730629 -1.804781 -2.137413
 -1.923774 -2.332081 -2.413066 -2.718267
 -1.923672 -2.332040 -2.412953 -2.717668
 -1.949693 -2.358390 -2.439108 -2.743227
 -2.046123 -2.464772 -2.554210 -2.864789
 -1.787389 -2.206986 -2.285418 -2.594642
 -1.782881 -2.200842 -2.278995 -2.583509
 -1.781607 -2.198398 -2.276363 -2.577251
 -1.755208 -2.171090 -2.248266 -2.548374
 -2.017823 -2.438373 -2.520398 -2.841748
 -2.022659 -2.444539 -2.526620 -2.852119
 -2.137518 -2.550715 -2.637663 -2.993018
 -2.011699 -2.422007 -2.507261 -2.858141
 -1.698359 -2.113554 -2.192766 -2.528692
 -1.710651 -2.128544 -2.207556 -2.542914
 -1.670267 -2.087019 -2.164362 -2.496995
 -1.677691 -2.097321 -2.174293 -2.505263
 -1.721010 -2.140429 -2.218813 -2.545582
 -1.741383 -2.165851 -2.245472 -2.570679
 -1.583557 -1.999119 -2.075583 -2.378846
 -1.586414 -2.003747 -2.079446 -2.382956
 -1.768773 -2.168730 -2.248262 -2.586597
 -1.771432 -2.172349 -2.252421 -2.587661
 -1.798702 -2.200788 -2.281246 -2.613238


336
 -0.400151 -0.702004 -0.864617 -1.306599 -1.935360 -1.956433 -0.836136 -1.468816 -1.471700 -1.250340 -0.717164 -0.684723 -0.710425 -0.874051
 -0.674671 -0.184282 -0.008677 157.741104 46.518867 10.676632 -1.354127 403.360016 45.497547 2.839586 -1.083955 -1.028373 -0.168742 -0.007637
 -0.624608 -1.274939 -1.366658 51.881939 15.380600 1.965255 -1.254474 105.194626 9.197663 -0.680827 -1.012746 -0.964803 -1.259833 -1.359762
 -0.588565 -1.030469 -1.253680 13.147100 2.497348 -1.490771 -1.176944 18.861946 -0.022187 -1.616458 -0.963630 -0.920754 -1.021316 -1.249548
 -0.894209 44.405743 18.958862 4676.538574 189.974350 34.434040 -1.663660 34.785381 -0.452666 -2.368872 -1.355396 -1.300894 44.114799 18.911495
 -0.517041 -1.698976 -1.639600 -0.682376 -2.431317 -2.537828 -1.008004 -0.921512 -1.657557 -1.469419 -0.862887 -0.830353 -1.700948 -1.644103
 -0.520638 -1.708913 -1.650125 -0.713382 -2.461709 -2.561933 -1.013553 -0.940973 -1.670423 -1.478370 -0.867197 -0.834490 -1.710707 -1.654537
 -0.522521 -1.714843 -1.656638 -0.739726 -2.487092 -2.582024 -1.017336 -0.960239 -1.682429 -1.486062 -0.869728 -0.836862 -1.716382 -1.660912
 -0.521699 -1.742862 -1.704025 -1.445673 -2.650892 -2.631057 -1.010308 -1.315675 -1.697449 -1.473307 -0.869063 -0.837481 -1.744081 -1.707911
 -0.578849 -0.591988 -0.898745 3.269205 -0.820286 -2.249865 -1.142290 2.395319 -1.682252 -1.729608 -0.949327 -0.911249 -0.583201 -0.893466
 -0.577927 -0.589543 -0.896370 3.276777 -0.815167 -2.246169 -1.141169 2.399660 -1.680065 -1.728041 -0.948395 -0.910345 -0.580804 -0.891116
 -0.527066 -0.330745 -0.643457 1.561654 -1.491881 -2.339092 -1.095498 0.016214 -1.908569 -1.706083 -0.883359 -0.845693 -0.317702 -0.632196
 -0.530917 -0.339040 -0.652522 2.061376 -1.558325 -2.394527 -1.098045 -0.931964 -1.994158 -1.709113 -0.886451 -0.849258 -0.325786 -0.640873
 -0.456994 -1.421995 -1.441751 -1.642810 -2.437622 -2.375462 -0.921759 -1.479306 -1.610264 -1.374583 -0.789916 -0.758450 -1.417474 -1.440076
 -0.452637 -1.414015 -1.433837 -1.629135 -2.426654 -2.366182 -0.917468 -1.466083 -1.600570 -1.366894 -0.784829 -0.753633 -1.409699 -1.432173
 -0.454646 -1.134794 -1.231792 -1.721504 -2.331384 -2.270433 -0.917612 -1.585185 -1.598682 -1.357636 -0.786934 -0.756603 -1.131151 -1.230096
 -0.451533 -1.129217 -1.226291 -1.712954 -2.324593 -2.264641 -0.914758 -1.576447 -1.592126 -1.352351 -0.783437 -0.753298 -1.125857 -1.224731
 -0.457871 -0.670933 -0.876098 -1.602148 -2.162073 -2.156053 -0.938710 -1.678197 -1.622908 -1.369040 -0.789568 -0.760073 -0.667733 -0.873038
 -0.454228 -0.659593 -0.864875 -1.562270 -2.132277 -2.133901 -0.932979 -1.662210 -1.612245 -1.361259 -0.785547 -0.755998 -0.657102 -0.862505
 -0.616878 38.468166 24.072115 29.105644 17.281342 8.683636 -1.166725 -2.008660 -2.001020 -1.719627 -1.140791 -1.181256 38.298271 23.954546
 -0.547680 89.767036 60.314060 70.379501 45.578667 25.365337 -1.110333 -1.630160 -1.968264 -1.724368 -1.131189 -1.196793 89.402153 60.072254
 -0.616451 -0.187139 0.016870 157.958221 46.653545 10.775816 -1.297048 405.633209 45.871250 2.961009 -1.002693 -0.952245 -0.154277 0.036707
 -0.563990 -1.383219 -1.420582 51.864220 15.388421 2.004382 -1.195540 105.737801 9.356987 -0.574707 -0.928581 -0.885710 -1.351084 -1.395366
 -0.525261 -1.310887 -1.444118 12.919940 2.366709 -1.533099 -1.115772 19.056049 0.104771 -1.509851 -0.876422 -0.838579 -1.284961 -1.422144


24
 -0.049465
 -0.055260
 -0.054756
 -0.054422
 -0.057483
 -0.054497
 -0.054535
 -0.054569
 -0.054725
 -0.054789
 -0.054819
 -0.052378
 -0.052073
 -0.052139
 -0.052124
 -0.051903
 -0.051967
 -0.050892
 -0.051033
 -0.069008
 -0.070494
 -0.050413
 -0.050091
 -0.050043


24
 -0.218723
 -0.250125
 -0.245926
 -0.242147
 -0.254967
 -0.227806
 -0.227885
 -0.228036
 -0.227190
 -0.240925
 -0.241018
 -0.240874
 -0.241875
 -0.224423
 -0.224253
 -0.224704
 -0.224638
 -0.232867
 -0.233187
 -0.227572
 -0.224711
 -0.256224
 -0.252775
 -0.249568


360
 -0.131752 -0.509371 -0.808462 -0.878518 -0.662908 0.221966 -0.648738 -0.463971 -0.933854 -0.991907 -0.922078 -0.856879 -0.767927 -0.664335 -0.445171
 -0.544934 2.098352 -1.503142 0.305678 -1.840315 85.314461 2.367957 513.203674 88.279137 40.148609 14.455692 13.906422 4.368463 0.110115 2.290616
 -0.563112 10.282531 -1.066075 3.137730 -1.669937 84.115280 -0.729906 446.830841 45.536880 17.836340 5.424360 4.366613 0.494361 -1.251799 10.433737
 -0.584743 32.020046 1.770859 10.453284 -0.715666 234.255829 -1.204821 378.641388 28.788317 7.662858 0.949366 0.219858 -1.316794 -1.915700 32.089828
 -0.212934 2846.546875 47713.125000 100000.000000 12651.453125 100000.000000 1297.421997 4087.360352 100000.000000 1291.458496 174.148773 1569.480469 207.020645 33.754402 2848.579834
 -0.996731 19.006720 80.229515 114.052528 40.443783 100000.000000 1653.909912 100000.000000 100000.000000 100000.000000 100000.000000 100000.000000 100000.000000 100000.000000 17.884686
 -1.081211 287.188721 392.702942 425.330139 176.333450 100000.000000 11785.396484 100000.000000 100000.000000 100000.000000 100000.000000 100000.000000 100000.000000 100000.000000 283.996429
 -1.028338 4576.612793 1968.489258 1778.682373 956.093872 100000.000000 100000.000000 100000.000000 100000.000000 100000.000000 100000.000000 100000.000000 100000.000000 100000.000000 4591.007324
 -0.966011 729.143921 4579.367676 2847.765137 377.641174 100000.000000 5089.120117 100000.000000 100000.000000 100000.000000 100000.000000 100000.000000 100000.000000 100000.000000 733.058411
 -0.708736 47.317150 10.690011 24.461060 0.954875 3578.594482 5.171450 100000.000000 100000.000000 5905.640625 320.872711 183.877808 42.872768 8.248639 47.501507
 -0.680306 47.380772 8.820735 21.356600 0.387586 887.914246 -0.239063 100000.000000 5985.929688 638.486572 93.941307 39.309723 8.569860 0.128027 47.576614
 0.206900 6099.672852 100000.000000 100000.000000 100000.000000 100000.000000 100000.000000 100000.000000 100000.000000 100000.000000 100000.000000 100000.000000 100000.000000 100000.000000 59.380329
 0.341347 1918.959961 100000.000000 100000.000000 100000.000000 100000.000000 100000.000000 100000.000000 100000.000000 100000.000000 100000.000000 100000.000000 100000.000000 100000.000000 47.577526
 -1.013356 8.103650 18142.552734 100000.000000 1107.656250 100000.000000 100000.000000 100000.000000 100000.000000 100000.000000 100000.000000 100000.000000 100000.000000 100000.000000 -1.425654
 -0.884665 1.390776 22762.009766 100000.000000 499.434448 3556.796387 100000.000000 100000.000000 100000.000000 100000.000000 100000.000000 100000.000000 100000.000000 100000.000000 -2.031861
 -0.669130 -1.651351 250.397675 345.950653 46.345337 3085.782959 199.153763 100000.000000 100000.000000 100000.000000 100000.000000 100000.000000 100000.000000 100000.000000 -1.754887
 -0.570081 -1.832661 103.957710 114.302147 15.782737 464.005920 114.851761 100000.000000 100000.000000 100000.000000 100000.000000 100000.000000 100000.000000 100000.000000 -1.588616
 4.667711 3407.171875 100000.000000 100000.000000 100000.000000 100000.000000 100000.000000 100000.000000 100000.000000 100000.000000 100000.000000 100000.000000 100000.000000 100000.000000 112.660515
 0.347083 4853.734863 100000.000000 100000.000000 100000.000000 100000.000000 100000.000000 100000.000000 100000.000000 100000.000000 100000.000000 100000.000000 100000.000000 100000.000000 21.543320
 -0.218235 -0.855061 -1.487515 -1.547404 -1.231521 9.882460 -0.828130 377.367828 29.261620 9.212306 2.287171 1.218156 -0.376672 -1.095393 -0.731616
 -0.200650 -0.789298 -1.369048 -1.444556 -1.121218 2.592101 -1.089620 356.424164 15.044955 2.824253 -0.297917 -0.812891 -1.200672 -1.306121 -0.682597
 -0.429899 2.400246 -1.770718 -0.679048 -1.669517 21.223946 -0.954844 69.593925 12.879940 4.200851 -0.087904 0.624751 -0.910248 -1.519584 2.516638
 -0.466647 10.526256 -0.772713 3.328119 -1.348014 58.859951 -1.397777 44.436893 5.009923 0.716748 -1.356152 -0.976053 -1.592489 -1.765643 10.620952
 -0.502256 32.231014 2.097930 10.744026 -0.422604 226.921707 -1.134313 28.373135 3.477571 -0.397566 -1.874331 -1.428248 -1.865660 -1.898427 32.262375


24
 -0.091650
 -0.277911
 -0.268221
 -0.255951
 -0.909750
 -0.271452
 -0.295646
 -0.316341
 -0.281084
 -0.259489
 -0.257382
 -0.327816
 -0.355706
 -0.173188
 -0.165771
 -0.155704
 -0.151612
 -0.228700
 -0.200646
 -0.156834
 -0.158957
 -0.280382
 -0.272841
 -0.262219


480
 -0.059224 -0.104690 -0.104733 -0.103124 -0.099796 -0.094867 -0.096802 -0.135571 -0.087003 -0.092383 -0.097845 -0.117020 -0.784096 -0.894745 -0.857626 -0.288702 -0.304937 -0.051790 -0.067065 -0.079489
 -0.134532 -0.269308 -0.271230 -0.269805 -0.263720 -0.252791 -0.188060 -0.268783 -0.182848 -0.192171 -0.201230 -0.235577 14.952569 44.741669 307.007141 -0.671352 -0.715640 -0.125815 -0.141425 -0.158251
 -0.128409 -0.253857 -0.256146 -0.254934 -0.249583 -0.239676 -0.179091 -0.251589 -0.173166 -0.181865 -0.190388 -0.222107 5.908664 46.266640 116.948006 -0.623636 -0.664841 -0.118812 -0.134232 -0.150377
 -0.121341 -0.235254 -0.237806 -0.236722 -0.232100 -0.223291 -0.169580 -0.234685 -0.162860 -0.170941 -0.178901 -0.208222 0.395388 20.240696 46.218170 -0.570640 -0.608273 -0.111121 -0.126550 -0.142069
 -0.252860 -0.476642 -0.487004 -0.487788 -0.484746 -0.473267 -0.310689 -0.406398 -0.310096 -0.320541 -0.330148 -0.374405 -1.185218 6.838698 27.471861 -1.009686 -1.093074 -0.230580 -0.246264 -0.265496
 -0.094356 -0.156863 -0.158051 -0.157086 -0.153558 -0.147841 -0.136659 -0.183094 -0.128372 -0.134450 -0.140434 -0.163748 -0.923549 -1.057918 -1.021294 -0.385607 -0.410241 -0.083816 -0.099141 -0.112948
 -0.097162 -0.161383 -0.162754 -0.161886 -0.158454 -0.152696 -0.139561 -0.186349 -0.131268 -0.137382 -0.143399 -0.166879 -0.933342 -1.072637 -1.043208 -0.392768 -0.418112 -0.086601 -0.102024 -0.115906
 -0.100030 -0.166223 -0.167857 -0.167064 -0.163722 -0.157998 -0.142488 -0.189664 -0.134122 -0.140281 -0.146333 -0.169995 -0.944255 -1.089726 -1.069506 -0.400374 -0.426385 -0.089470 -0.105006 -0.118990
 -0.094837 -0.157535 -0.158812 -0.157874 -0.154460 -0.148787 -0.137198 -0.183534 -0.128451 -0.134474 -0.140408 -0.163573 -0.923508 -1.059801 -1.034403 -0.384244 -0.408734 -0.085514 -0.101170 -0.115179
 -0.118389 -0.220987 -0.223663 -0.222697 -0.218611 -0.210709 -0.165234 -0.225823 -0.158735 -0.166369 -0.173861 -0.201886 -0.899719 4.417108 16.593700 -0.530502 -0.565442 -0.106495 -0.121290 -0.136339
 -0.117939 -0.220319 -0.222969 -0.221989 -0.217886 -0.209987 -0.164784 -0.225284 -0.158294 -0.165929 -0.173415 -0.201423 -0.898320 4.421411 16.602131 -0.529542 -0.564422 -0.105971 -0.120750 -0.135786
 -0.134686 -0.246787 -0.251003 -0.251204 -0.247674 -0.239903 -0.178114 -0.242849 -0.177271 -0.185078 -0.192628 -0.221907 -1.147172 0.983465 7.974168 -0.577719 -0.614264 -0.126146 -0.134330 -0.148021
 -0.135652 -0.246730 -0.250975 -0.251212 -0.247734 -0.240052 -0.178816 -0.242479 -0.178519 -0.186353 -0.193917 -0.223136 -1.212772 -0.362084 3.678617 -0.576108 -0.613108 -0.122772 -0.130981 -0.144247
 -0.083697 -0.141868 -0.142769 -0.141921 -0.138433 -0.133006 -0.123694 -0.171190 -0.114999 -0.120619 -0.126155 -0.147799 -0.891846 -1.030976 -1.020981 -0.354173 -0.373472 -0.094755 -0.107512 -0.121285
 -0.082315 -0.139507 -0.140316 -0.139374 -0.135869 -0.130445 -0.122145 -0.169346 -0.114008 -0.119640 -0.125215 -0.146871 -0.885935 -1.021874 -1.006648 -0.351682 -0.371035 -0.090130 -0.102594 -0.116145
 -0.078579 -0.133329 -0.133931 -0.132783 -0.129251 -0.123870 -0.118128 -0.164109 -0.110629 -0.116283 -0.121870 -0.143370 -0.867268 -1.002991 -0.991480 -0.342440 -0.361389 -0.082148 -0.094492 -0.107551
 -0.077720 -0.131882 -0.132434 -0.131225 -0.127689 -0.122313 -0.117186 -0.162894 -0.110053 -0.115721 -0.121316 -0.142863 -0.863384 -0.997081 -0.982409 -0.341031 -0.360036 -0.078550 -0.090766 -0.103675
 -0.091757 -0.152057 -0.153719 -0.153238 -0.150200 -0.144967 -0.130628 -0.174588 -0.127497 -0.133897 -0.140186 -0.163194 -0.890396 -1.043565 -1.067549 -0.378800 -0.400983 -0.054741 -0.066452 -0.077629
 -0.087829 -0.146433 -0.147835 -0.147181 -0.144002 -0.138761 -0.126932 -0.170247 -0.123313 -0.129734 -0.136014 -0.158760 -0.880515 -1.029232 -1.045540 -0.370125 -0.391515 -0.051492 -0.063664 -0.074886
 -0.084120 -0.140282 -0.140649 -0.138772 -0.134877 -0.128876 -0.133124 -0.182744 -0.117495 -0.122954 -0.128358 -0.153381 -0.972425 -1.117983 -1.094407 -0.365937 -0.394546 -0.078892 -0.101012 -0.119252
 -0.086515 -0.144220 -0.144552 -0.142576 -0.138574 -0.132396 -0.137677 -0.191095 -0.119503 -0.124741 -0.129921 -0.155640 -1.024907 -1.177652 -1.151550 -0.373710 -0.404585 -0.088270 -0.112196 -0.132045
 -0.129938 -0.262343 -0.264156 -0.262659 -0.256488 -0.245462 -0.178749 -0.258443 -0.184523 -0.194372 -0.203768 -0.238966 15.085020 45.034668 308.406494 -0.678801 -0.723858 -0.090130 -0.097970 -0.110137
 -0.124158 -0.247448 -0.249670 -0.248409 -0.243001 -0.233035 -0.170220 -0.241254 -0.175212 -0.184489 -0.193401 -0.225995 5.976966 46.615189 117.377632 -0.631884 -0.673875 -0.081558 -0.089491 -0.100942
 -0.117361 -0.229244 -0.231748 -0.230637 -0.225978 -0.217131 -0.161073 -0.224278 -0.165145 -0.173843 -0.182237 -0.212451 0.437697 20.397364 46.453949 -0.579485 -0.617921 -0.072797 -0.081035 -0.091866


120
 -0.004851 -0.010654 -0.015240 -0.004058 -0.003882
 -0.007112 -0.015246 -0.022427 -0.006187 -0.005988
 -0.006967 -0.014914 -0.021744 -0.006041 -0.005843
 -0.006820 -0.014578 -0.021087 -0.005893 -0.005698
 -0.009186 -0.019151 -0.027651 -0.008054 -0.007830
 -0.006591 -0.013627 -0.019238 -0.005671 -0.005474
 -0.006638 -0.013715 -0.019371 -0.005721 -0.005522
 -0.006682 -0.013798 -0.019510 -0.005767 -0.005568
 -0.006583 -0.013582 -0.019284 -0.005689 -0.005489
 -0.007029 -0.014813 -0.021158 -0.006075 -0.005887
 -0.007017 -0.014800 -0.021128 -0.006059 -0.005873
 -0.007445 -0.014935 -0.021928 -0.006687 -0.006520
 -0.007445 -0.015067 -0.021630 -0.006595 -0.006435
 -0.006109 -0.012083 -0.018970 -0.005740 -0.005547
 -0.006124 -0.012131 -0.018784 -0.005686 -0.005497
 -0.006016 -0.012077 -0.018254 -0.005487 -0.005309
 -0.006034 -0.012139 -0.018121 -0.005445 -0.005271
 -0.006647 -0.014179 -0.017801 -0.005206 -0.005071
 -0.006564 -0.014107 -0.017681 -0.005118 -0.004982
 -0.006885 -0.013729 -0.020546 -0.005954 -0.005683
 -0.006984 -0.013646 -0.021412 -0.006208 -0.005920
 -0.007021 -0.015531 -0.019980 -0.005509 -0.005405
 -0.006908 -0.015341 -0.019284 -0.005338 -0.005233
 -0.006793 -0.015125 -0.018637 -0.005178 -0.005074


120
 -0.018017 -0.015770 -0.015941 -0.020554 -0.022169
 -0.038509 -0.032092 -0.032401 -0.039414 -0.043014
 -0.038739 -0.032669 -0.032915 -0.040101 -0.043733
 -0.038577 -0.032879 -0.033099 -0.040357 -0.043872
 -0.034944 -0.032573 -0.032885 -0.039595 -0.043433
 -0.087033 -0.065856 -0.066262 -0.080019 -0.088857
 -0.084938 -0.063712 -0.064034 -0.077227 -0.085089
 -0.082285 -0.061141 -0.061400 -0.073928 -0.080829
 -0.079051 -0.059173 -0.059428 -0.071892 -0.078409
 -0.081810 -0.066795 -0.067336 -0.080662 -0.091792
 -0.081855 -0.068065 -0.068634 -0.082555 -0.094431
 -0.068715 -0.041878 -0.043150 -0.051884 -0.059009
 -0.066914 -0.048040 -0.049409 -0.058499 -0.069198
 -0.169387 -0.062880 -0.064659 -0.078102 -0.079513
 -0.185699 -0.073376 -0.075359 -0.090904 -0.094512
 -0.236437 -0.094728 -0.097326 -0.117754 -0.128561
 -0.255407 -0.106895 -0.109782 -0.133486 -0.147390
 -0.109288 -0.140533 -0.141820 -0.162626 -0.204422
 -0.115107 -0.147645 -0.149069 -0.171937 -0.216961
 -0.034207 -0.017843 -0.018010 -0.024361 -0.023221
 -0.032674 -0.013530 -0.013724 -0.019595 -0.017722
 -0.037235 -0.078259 -0.078811 -0.091156 -0.114212
 -0.037512 -0.080093 -0.080540 -0.093268 -0.115828
 -0.037428 -0.080266 -0.080579 -0.093478 -0.114867


56
 -0.132515 -0.445698 -0.452189 -0.605202 0.010283 0.327483 -0.776990 -1.083566 -0.689567 -0.485479 -0.298092 -0.246678 -0.371639 -0.395422
 -0.130020 -0.442397 -0.448895 -0.575456 0.041982 0.356793 -0.768153 -1.061980 -0.662819 -0.456791 -0.289186 -0.238147 -0.364540 -0.388489
 -0.132259 -0.446583 -0.453088 -0.593645 0.022487 0.337766 -0.773818 -1.079567 -0.681529 -0.474961 -0.294083 -0.242645 -0.370857 -0.394681
 -0.141191 -0.463577 -0.470266 -0.624044 -0.001487 0.317784 -0.781859 -1.112711 -0.707850 -0.496769 -0.319832 -0.268017 -0.403230 -0.426936


4
 -0.012819
 -0.010306
 -0.010970
 -0.020166


4
 -1.272086
 -1.303076
 -1.296230
 -1.238301


60
 -0.062256 -0.171561 -0.222083 -0.243927 -0.197659 -0.206470 -0.168371 -0.167886 -0.155215 -0.144515 -0.136211 -0.135457 -0.128157 -0.122532 -0.174945
 -0.064545 -0.178190 -0.235963 -0.258039 -0.210924 -0.220009 -0.180688 -0.181143 -0.168400 -0.156695 -0.147543 -0.147377 -0.139264 -0.132870 -0.182551
 -0.068434 -0.186255 -0.249359 -0.271965 -0.223732 -0.232572 -0.192412 -0.191114 -0.177962 -0.165911 -0.156475 -0.156181 -0.147785 -0.141234 -0.189865
 -0.071197 -0.187538 -0.253872 -0.277520 -0.226719 -0.235820 -0.194039 -0.195363 -0.176899 -0.164594 -0.155286 -0.151233 -0.143141 -0.137172 -0.186004


4
 -0.043762
 -0.047117
 -0.047655
 -0.040668


80
 -0.140090 -0.311563 -0.309323 -0.300865 -0.287220 -0.269068 -0.237099 -0.367363 -0.220307 -0.246267 -0.277954 -0.299455 0.089955 0.555295 -0.275255 -0.763348 -0.683750 -0.151848 -0.128379 -0.140265
 -0.138000 -0.308243 -0.305959 -0.297731 -0.284155 -0.266126 -0.232763 -0.356280 -0.220057 -0.246567 -0.278844 -0.299425 0.122453 0.583993 -0.255718 -0.759270 -0.679677 -0.133717 -0.107787 -0.116363
 -0.141014 -0.312883 -0.310705 -0.302546 -0.288911 -0.270788 -0.238588 -0.361529 -0.222050 -0.248711 -0.281193 -0.301794 0.102117 0.562113 -0.276823 -0.764319 -0.684684 -0.125516 -0.104524 -0.114040
 -0.136807 -0.306545 -0.304275 -0.296226 -0.282764 -0.264829 -0.234428 -0.357740 -0.213077 -0.238864 -0.270412 -0.291395 0.103938 0.566557 -0.269237 -0.746920 -0.669719 -0.138124 -0.123487 -0.136233


20
 -0.008052 -0.031452 -0.046628 -0.005994 -0.006090
 -0.008010 -0.032196 -0.044154 -0.005515 -0.005650
 -0.008202 -0.033657 -0.045371 -0.005282 -0.005401
 -0.007573 -0.031035 -0.043439 -0.005060 -0.005098


20
 -0.008776 -0.023613 -0.023653 -0.025659 -0.029460
 -0.011122 -0.022189 -0.022157 -0.023848 -0.026853
 -0.014886 -0.042495 -0.042724 -0.045922 -0.052774
 -0.012979 -0.045243 -0.045052 -0.050846 -0.058477


14
 -0.436899
 -0.764218
 -0.835208
 -0.480184
 -0.486256
 -0.498648
 -0.809699
 -0.690037
 -0.777908
 -0.881946
 -0.867455
 -0.921479
 -0.618456
 -0.665417


14
 -0.188626
 -0.665386
 -0.666057
 -0.586199
 -0.755221
 -0.979046
 0.768239
 -0.966410
 -1.158753
 -1.397862
 -0.655568
 -0.619553
 -0.441846
 -0.442049


210
 -0.015142 -0.067060 -0.047186 -0.048073 -0.041851 -0.062719 -0.044693 -0.094037 -0.075741 -0.073158 -0.069295 -0.060382 -0.058367 -0.055549 -0.058263
 -0.056755 -0.180882 -0.132151 -0.135607 -0.117851 -0.175015 -0.121567 -0.217265 -0.175986 -0.168373 -0.158707 -0.141839 -0.136637 -0.130255 -0.167730
 -0.057063 -0.183508 -0.132620 -0.136266 -0.118266 -0.175016 -0.121571 -0.215857 -0.175268 -0.167637 -0.158025 -0.141503 -0.136306 -0.129966 -0.170534
 -0.271618 -0.754347 -0.495211 -0.515296 -0.447977 -0.603920 -0.438322 -0.575002 -0.496348 -0.476973 -0.456344 -0.428428 -0.416430 -0.403934 -0.739508
 -0.229389 -0.638107 -0.413313 -0.429620 -0.376115 -0.495846 -0.367408 -0.483005 -0.418795 -0.403932 -0.387741 -0.363798 -0.354520 -0.344572 -0.629319
 -0.186731 -0.517367 -0.337448 -0.350277 -0.308187 -0.400612 -0.301201 -0.403546 -0.350050 -0.338299 -0.325091 -0.304266 -0.296786 -0.288469 -0.511729
 -0.062204 -0.159618 -0.119156 -0.122173 -0.109955 -0.138801 -0.110011 -0.161507 -0.139188 -0.135836 -0.131167 -0.120447 -0.117942 -0.114648 -0.154264
 -0.106080 -0.407662 -0.238538 -0.252889 -0.211761 -0.283246 -0.203026 -0.318097 -0.273181 -0.257163 -0.240703 -0.227576 -0.216849 -0.205829 -0.387618
 -0.078219 -0.289547 -0.177207 -0.186462 -0.158433 -0.209417 -0.154044 -0.246531 -0.211706 -0.200397 -0.188228 -0.176899 -0.168997 -0.160578 -0.271932
 -0.058932 -0.211828 -0.136028 -0.142033 -0.122135 -0.161763 -0.120657 -0.199742 -0.170844 -0.162390 -0.152872 -0.142559 -0.136458 -0.129698 -0.196140
 -0.018323 -0.082660 -0.058040 -0.059352 -0.051395 -0.076567 -0.054435 -0.115573 -0.094396 -0.090141 -0.084473 -0.075322 -0.071987 -0.067780 -0.070529
 -0.020108 -0.081997 -0.058836 -0.060031 -0.052377 -0.077087 -0.055490 -0.113528 -0.092906 -0.088780 -0.083318 -0.074477 -0.071237 -0.067190 -0.069625
 -0.050219 -0.169284 -0.122731 -0.125983 -0.108879 -0.164920 -0.112723 -0.212044 -0.171501 -0.163947 -0.154173 -0.137632 -0.132386 -0.125828 -0.158807
 -0.049079 -0.171435 -0.122025 -0.125494 -0.108046 -0.163942 -0.111544 -0.210873 -0.170733 -0.162964 -0.153043 -0.136828 -0.131440 -0.124777 -0.160412


14
 -1.137537
 -1.365633
 -1.370424
 -1.329586
 -1.312958
 -1.429482
 -1.356688
 -1.662078
 -1.575790
 -1.490563
 -1.275351
 -1.253699
 -1.338573
 -1.361161


280
 -0.537864 -0.701660 -0.688096 -0.637650 -0.606462 -0.577783 -0.922129 -1.335029 -1.236852 -1.216080 -1.162954 -1.457276 -1.765939 -1.702619 -1.527940 -1.544978 -1.398587 -0.596960 -0.628084 -0.691564
 -0.808475 -1.135128 -1.132198 -1.023500 -0.968818 -0.906652 -0.604381 207.209702 -1.198648 -0.363444 0.247513 10.627237 110.528893 37.339417 6.000031 44.433216 267.883026 -0.954249 -1.053331 -1.235374
 -0.798877 -1.151931 -1.127465 -1.030050 -0.964723 -0.901804 -0.926062 528.865417 -1.107587 -0.316056 0.123862 8.445761 46.517956 14.779573 3.079533 15.492926 713.611389 -0.942240 -1.030320 -1.198217
 -1.382967 3.833951 5.343271 4.804750 5.817936 3.981376 -2.058695 77.421913 -2.588930 -2.480944 -2.131843 -0.460331 100000.000000 100000.000000 100000.000000 100000.000000 100000.000000 -1.487481 -1.569737 -1.761496
 -1.610486 18.926603 18.910677 19.942965 15.266825 6.106870 -1.778655 744.214539 -2.671466 -1.822447 0.071458 8.862747 100000.000000 100000.000000 100000.000000 100000.000000 100000.000000 -1.775324 -1.902052 -2.169685
 -1.837185 31.314003 26.540752 29.481674 21.697453 10.626661 0.527790 28105.533203 -1.651130 2.174710 11.010649 41.840706 100000.000000 100000.000000 100000.000000 100000.000000 100000.000000 -2.100229 -2.289044 -2.574207
 -1.733997 121.058968 26.927389 55.100807 9.242285 -0.272539 30172.066406 100000.000000 100000.000000 100000.000000 100000.000000 100000.000000 100000.000000 100000.000000 100000.000000 100000.000000 100000.000000 -2.798801 5.719241 79.854568
 -1.940708 451.841553 140.330597 252.508163 59.249680 10.502279 629.092346 100000.000000 80.155388 186.489273 100000.000000 100000.000000 100000.000000 100000.000000 100000.000000 100000.000000 100000.000000 -2.591034 -2.861577 -0.651839
 -1.925675 130.274277 39.098995 66.066200 22.551359 10.269867 3323.737061 100000.000000 100000.000000 100000.000000 100000.000000 100000.000000 100000.000000 100000.000000 100000.000000 100000.000000 100000.000000 -2.737298 -2.287478 7.272843
 -1.832812 52.403095 41.270454 45.787014 31.662172 11.302732 100000.000000 100000.000000 100000.000000 100000.000000 100000.000000 100000.000000 100000.000000 100000.000000 100000.000000 100000.000000 100000.000000 -2.742577 -1.141323 19.499367
 -0.731893 -0.981359 -0.989803 -0.879308 -0.836962 -0.785518 -0.485340 153.525101 -1.178432 -0.383657 0.221581 10.343986 137.885239 49.065964 8.599941 58.590538 214.018402 -0.829304 -0.893269 -1.048084
 -0.671872 -0.912395 -0.891964 -0.803362 -0.752590 -0.708174 -1.064343 434.022705 -1.129824 -0.595098 -0.377386 4.521331 6.170095 -0.144453 -1.757222 6.335401 656.475769 -0.745249 -0.776158 -0.895831
 -0.757165 -1.059397 -1.032745 -0.960161 -0.902541 -0.848461 -1.563593 3.491282 -1.592058 -1.549852 -1.498005 -1.537895 4.108031 -0.142104 -1.320786 -1.243659 4.955611 -1.040379 -1.337989 -1.612949
 -0.758481 -1.071147 -1.043994 -0.972341 -0.914696 -0.860274 -1.550925 0.623690 -1.650301 -1.630711 -1.586361 -1.848357 18.696871 6.876128 1.901979 -0.693660 3.975533 -1.029769 -1.304298 -1.556551


70
 -0.033175 -0.066080 -0.087013 -0.030432 -0.029858
 -0.047289 -0.104845 -0.166653 -0.043533 -0.042888
 -0.047629 -0.105500 -0.165572 -0.043799 -0.043155
 -0.046403 -0.105229 -0.161084 -0.042637 -0.041988
 -0.049607 -0.117596 -0.197644 -0.045804 -0.045108
 -0.053763 -0.134507 -0.254987 -0.049960 -0.049173
 -0.098661 -0.381777 -0.231052 -0.089827 -0.088812
 -0.065509 -0.153617 -0.362187 -0.066825 -0.065309
 -0.072071 -0.176743 -0.442178 -0.073391 -0.071625
 -0.079205 -0.204281 -0.526466 -0.079959 -0.077936
 -0.047356 -0.106309 -0.158666 -0.042035 -0.041352
 -0.046381 -0.103600 -0.148563 -0.040916 -0.040394
 -0.042665 -0.086160 -0.152480 -0.042890 -0.041400
 -0.043445 -0.088360 -0.152085 -0.043218 -0.041669


70
 -0.000973 0.007159 0.007206 0.007704 0.009874
 -0.002425 0.006435 0.006484 0.006904 0.009105
 -0.002357 0.006550 0.006599 0.007028 0.009241
 -0.004767 -0.001113 -0.000987 -0.000890 0.000395
 -0.004263 0.000414 0.000497 0.000694 0.002005
 -0.003775 0.002092 0.002151 0.002452 0.003890
 -0.002364 0.002634 0.002695 0.002975 0.004503
 -0.001767 0.018167 0.018167 0.019511 0.023547
 -0.001525 0.017958 0.017967 0.019276 0.023210
 -0.001346 0.017639 0.017652 0.018920 0.022742
 -0.000906 0.013515 0.013624 0.014733 0.018550
 -0.001133 0.010622 0.010782 0.011741 0.015428
 -0.001475 0.016598 0.016546 0.017720 0.020744
 -0.001354 0.017419 0.017366 0.018589 0.021757


1
 -0.590889


15
 0.001018 -0.000418 -0.000109 -0.000156 0.000037 -0.000616 -0.000181 -0.002934 -0.002737 -0.002387 -0.001996 -0.002194 -0.001879 -0.001536 0.000459


1
 -0.018332


20
 -0.014899 -0.018616 -0.018806 -0.012610 -0.011899 -0.011319 -0.080882 -0.094746 -0.129929 -0.128760 -0.122704 -0.148095 -0.068162 -0.055414 -0.045098 -0.066162 -0.068664 0.023297 0.044664 0.049824


5
 -0.022223 -0.048821 -0.040224 -0.015495 -0.015879


5
 0.000451 0.010258 0.010224 0.010874 0.011882


15
 -0.011123 -0.018841 -0.019813 -0.020301 -0.018934 -0.020007 -0.017979 -0.016633 -0.015125 -0.015570 -0.015965 -0.014451 -0.014899 -0.015302 -0.021565


1
 -0.015756


20
 -0.199275 -0.236229 -0.239799 -0.156610 -0.147462 -0.140488 -2.439319 -1.155621 -1.251760 -1.136009 -0.296371 0.721835 -0.823016 -0.557788 -0.382063 -1.030914 -0.888139 -0.900905 -1.055452 -1.335102


5
 -0.321729 -1.142277 -1.720018 -0.230563 -0.241434


5
 -0.002053 -0.012317 -0.012397 -0.013288 -0.015603


15
 -1.170791
 -1.229402
 -1.630627
 -1.629957
 -1.598813
 -1.660764
 -1.604228
 -1.544666
 -1.496928
 -1.503292
 -1.507513
 -1.471140
 -1.476141
 -1.479880
 -1.078621


300
 -0.322484 -0.347334 -0.360775 -0.386681 -0.392114 -0.398228 -0.295149 -0.301986 -0.307861 -0.308631 -0.309037 -0.315048 -0.382886 -0.427477 -0.499884 -0.414461 -0.429002 -0.257467 -0.247549 -0.243262
 -0.488948 -0.605967 -0.639217 -0.675343 -0.692224 -0.707521 -0.451695 -0.467513 -0.464439 -0.466264 -0.467623 -0.479301 -0.744262 -0.918999 -1.149368 -0.754656 -0.785383 -0.403485 -0.394258 -0.392447
 -0.369392 -0.414016 -0.431492 -0.461039 -0.468342 -0.475719 -0.341301 -0.350889 -0.353906 -0.355384 -0.356496 -0.364675 -0.493137 -0.578350 -0.721337 -0.509664 -0.527980 -0.297272 -0.287794 -0.284119
 -0.371906 -0.419078 -0.437004 -0.466646 -0.474167 -0.481629 -0.343752 -0.353785 -0.356385 -0.357952 -0.359128 -0.367501 -0.504229 -0.596845 -0.754156 -0.517778 -0.536423 -0.299583 -0.290019 -0.286422
 -0.363784 -0.404909 -0.421827 -0.451101 -0.458128 -0.465343 -0.335670 -0.344574 -0.348180 -0.349577 -0.350584 -0.358407 -0.475319 -0.551698 -0.678806 -0.496052 -0.513612 -0.293095 -0.283552 -0.279756
 -0.370240 -0.415694 -0.432737 -0.462040 -0.468918 -0.475788 -0.343110 -0.353548 -0.355399 -0.356894 -0.357979 -0.366419 -0.503569 -0.593227 -0.738921 -0.514732 -0.534101 -0.302992 -0.293782 -0.290464
 -0.357886 -0.395392 -0.411345 -0.440319 -0.446690 -0.453384 -0.330259 -0.338969 -0.342189 -0.343476 -0.344384 -0.351922 -0.460874 -0.529842 -0.642280 -0.482344 -0.499312 -0.292269 -0.283039 -0.279444
 -0.362880 -0.403720 -0.419305 -0.447383 -0.453539 -0.460012 -0.339413 -0.349396 -0.344839 -0.345841 -0.346545 -0.353785 -0.493133 -0.573467 -0.697801 -0.484765 -0.501790 -0.317667 -0.313526 -0.312979
 -0.357760 -0.395494 -0.410696 -0.438656 -0.444653 -0.451079 -0.333671 -0.343223 -0.339791 -0.340659 -0.341254 -0.348320 -0.475846 -0.549459 -0.664493 -0.473078 -0.489537 -0.310442 -0.305587 -0.304697
 -0.356246 -0.392831 -0.407951 -0.435874 -0.441882 -0.448298 -0.331893 -0.340619 -0.338507 -0.339473 -0.340134 -0.347092 -0.467005 -0.536343 -0.644936 -0.469845 -0.486201 -0.305773 -0.300817 -0.299548
 -0.354762 -0.390269 -0.405322 -0.433210 -0.439209 -0.445645 -0.330068 -0.338073 -0.337290 -0.338315 -0.339031 -0.345939 -0.458815 -0.524547 -0.627889 -0.466953 -0.483220 -0.301021 -0.295830 -0.294146
 -0.352659 -0.386922 -0.401767 -0.429626 -0.435511 -0.441866 -0.327747 -0.336236 -0.334964 -0.335850 -0.336432 -0.343264 -0.455164 -0.520258 -0.622717 -0.461801 -0.477789 -0.300146 -0.294574 -0.293029
 -0.351516 -0.385019 -0.399776 -0.427656 -0.433478 -0.439872 -0.326411 -0.334283 -0.334039 -0.334985 -0.335622 -0.342434 -0.449011 -0.511396 -0.609863 -0.459686 -0.475582 -0.296323 -0.290678 -0.288816
 -0.350406 -0.383208 -0.397918 -0.425770 -0.431591 -0.437965 -0.325059 -0.332375 -0.333184 -0.334188 -0.334875 -0.341646 -0.443319 -0.503418 -0.598576 -0.457807 -0.473694 -0.292517 -0.286692 -0.284495
 -0.488092 -0.602612 -0.635488 -0.671090 -0.688001 -0.703402 -0.451338 -0.463388 -0.465234 -0.467392 -0.469098 -0.481028 -0.729764 -0.898595 -1.119546 -0.750660 -0.782462 -0.366753 -0.359535 -0.356763


75
 -0.003867 -0.006457 -0.005353 -0.003492 -0.003555
 -0.006006 -0.010342 -0.010714 -0.005532 -0.005552
 -0.005336 -0.009311 -0.008803 -0.004849 -0.004892
 -0.005385 -0.009408 -0.008964 -0.004899 -0.004939
 -0.005210 -0.009056 -0.008492 -0.004748 -0.004794
 -0.005408 -0.009348 -0.009169 -0.004999 -0.005032
 -0.005158 -0.008845 -0.008511 -0.004772 -0.004805
 -0.005256 -0.008731 -0.010131 -0.005214 -0.005184
 -0.005199 -0.008535 -0.009750 -0.005121 -0.005098
 -0.005139 -0.008567 -0.009437 -0.004991 -0.004974
 -0.005080 -0.008586 -0.009112 -0.004862 -0.004852
 -0.005110 -0.008435 -0.009145 -0.004925 -0.004913
 -0.005056 -0.008466 -0.008888 -0.004812 -0.004804
 -0.005002 -0.008479 -0.008618 -0.004700 -0.004699
 -0.006162 -0.011497 -0.009593 -0.004874 -0.004921


75
 -0.015544 0.003777 0.003706 0.004449 0.007715
 -0.036274 -0.009634 -0.009720 -0.009779 -0.006827
 -0.079018 -0.031937 -0.032031 -0.033572 -0.029856
 -0.079067 -0.031894 -0.031995 -0.033522 -0.029825
 -0.082298 -0.033082 -0.033190 -0.034653 -0.030484
 -0.063636 -0.023188 -0.023267 -0.024579 -0.020205
 -0.076814 -0.030049 -0.030120 -0.031839 -0.027774
 -0.110588 -0.009999 -0.010023 -0.011925 0.004942
 -0.145120 -0.025156 -0.025134 -0.028687 -0.011045
 -0.154543 -0.027908 -0.027881 -0.031476 -0.013887
 -0.164936 -0.030882 -0.030859 -0.034444 -0.016895
 -0.194453 -0.048104 -0.047998 -0.053186 -0.036004
 -0.205844 -0.050871 -0.050758 -0.055805 -0.038790
 -0.216635 -0.053369 -0.053253 -0.058066 -0.041171
 -0.029682 -0.030436 -0.029953 -0.030350 -0.029242


20
 0.229198 0.082196 0.060887 -0.157411 -0.131892 -0.110999 0.134631 0.173262 0.255119 0.265049 0.275332 0.227459 -0.270145 -0.333117 -0.381246 -0.223743 -0.061049 0.382056 0.308583 0.266178


5
 -0.041878 -0.057505 -0.081443 -0.047669 -0.046105


5
 -0.004704 -0.014080 -0.014060 -0.015111 -0.017346


100
 -0.779582 -1.023083 111.637993 -0.808434 -0.766130
 -0.773004 -1.275676 65.430641 -0.801349 -0.759539
 -0.741767 -0.953027 117.299263 -0.763257 -0.725874
 -0.520765 -0.887022 -1.155341 -0.538050 -0.512991
 -0.531475 -0.901398 -1.135612 -0.550882 -0.524188
 -0.547571 -0.927332 -1.173631 -0.570080 -0.540930
 0.317491 100000.000000 100000.000000 -1.062490 -0.795974
 -0.928297 -1.966486 103.697144 -0.947373 -0.905101
 -1.118370 5.251163 100000.000000 -1.072253 -1.042194
 -1.054906 0.122950 100000.000000 -1.013436 -0.982455
 -1.003929 -1.381170 100000.000000 -0.966055 -0.934981
 -0.840097 -2.296554 609.210083 -0.818605 -0.790561
 -0.512072 -0.921892 -1.477179 -0.526362 -0.504264
 -0.500272 -0.876453 -1.270793 -0.513513 -0.491898
 -0.491916 -0.845108 -1.143298 -0.504353 -0.483078
 -0.539747 -1.136467 5.193329 -0.539185 -0.517849
 -0.535341 -1.080363 -0.954918 -0.535585 -0.514570
 -1.487921 100000.000000 100000.000000 -1.413104 -1.313537
 -1.678969 100000.000000 100000.000000 -1.526779 -1.423413
 -1.501226 100000.000000 100000.000000 -1.279946 -1.220239


100
 -0.001311 -0.000459 -0.000457 -0.000386 -0.000307
 -0.001532 -0.000745 -0.000742 -0.000694 -0.000628
 -0.001564 -0.000811 -0.000806 -0.000762 -0.000704
 -0.001634 -0.000926 -0.000921 -0.000881 -0.000835
 -0.001630 -0.000917 -0.000911 -0.000870 -0.000825
 -0.001619 -0.000885 -0.000887 -0.000838 -0.000790
 -0.001329 0.002394 0.002368 0.002614 0.002842
 -0.001157 0.004162 0.004186 0.004561 0.005521
 -0.001932 -0.006704 -0.006652 -0.006953 -0.007415
 -0.002014 -0.007409 -0.007362 -0.007711 -0.008305
 -0.002087 -0.007994 -0.007951 -0.008347 -0.009069
 -0.002163 -0.008191 -0.008141 -0.008538 -0.009262
 -0.001694 0.007092 0.007119 0.007715 0.009443
 -0.001959 0.006746 0.006789 0.007356 0.009223
 -0.002288 0.005973 0.006026 0.006528 0.008464
 -0.002959 -0.010162 -0.010082 -0.010657 -0.011557
 -0.003047 -0.010728 -0.010643 -0.011230 -0.012205
 0.006584 0.151108 0.150712 0.156229 0.166901
 0.006868 0.154696 0.154221 0.160000 0.170613
 0.007249 0.159916 0.159410 0.165518 0.176667


25
 -0.000181 -0.000048 -0.000043 -0.000024 -0.000014
 -0.000478 -0.002710 -0.002712 -0.002822 -0.003183
 -0.000101 0.003405 0.003388 0.003590 0.003912
 -0.000015 0.002506 0.002508 0.002637 0.002906
 -0.000032 0.002227 0.002226 0.002345 0.002595


